0.007775545120239258
0.007224321365356445
0.007412910461425781
0.007318019866943359
0.007004737854003906
0.007463216781616211
0.00733184814453125
0.007166385650634766
0.00727081298828125
0.0068454742431640625
0.0074541568756103516
0.007422924041748047
0.007261991500854492
0.00788259506225586
0.008079051971435547
0.007361173629760742
0.007799625396728516
0.007579803466796875
0.00737762451171875
0.007955789566040039
0.007820367813110352
0.0077784061431884766
0.008418083190917969
0.0077571868896484375
0.0076825618743896484
0.007712364196777344
0.007934808731079102
0.008060932159423828
0.007653236389160156
0.007657289505004883
0.007719755172729492
0.0076787471771240234
0.007912158966064453
0.008345842361450195
0.0073986053466796875
0.008331537246704102
0.008603572845458984
0.007874011993408203
0.007631063461303711
0.008484840393066406
0.008290290832519531
0.007502079010009766
0.00783085823059082
0.007688045501708984
0.007308006286621094
0.00748443603515625
0.008150339126586914
0.007712841033935547
0.007933855056762695
0.0069921016693115234
0.007736682891845703
0.008002042770385742
0.007846832275390625
0.0073511600494384766
0.007275819778442383
0.0076313018798828125
0.007489442825317383
0.007561206817626953
0.007658958435058594
0.007528066635131836
0.00802302360534668
0.007963895797729492
0.007142782211303711
0.0074920654296875
0.007857561111450195
0.007982254028320312
0.0077702999114990234
0.007985591888427734
0.007448911666870117
0.007684230804443359
0.008559942245483398
0.007863044738769531
0.007717609405517578
0.007683992385864258
0.007603883743286133
0.007394313812255859
0.00718998908996582
0.007965087890625
0.007879495620727539
0.0075435638427734375
0.007893800735473633
0.008305072784423828
0.008175373077392578
0.007467985153198242
0.007128000259399414
0.007498741149902344
0.0073642730712890625
0.007635831832885742
0.008180856704711914
0.00796198844909668
0.007275581359863281
0.0076901912689208984
0.007390260696411133
0.0075838565826416016
0.007031917572021484
0.007584571838378906
0.007338762283325195
0.008129358291625977
0.007383823394775391
0.007758378982543945
0.27544498443603516
0.26796603202819824
0.29645586013793945
0.2952921390533447
0.28127217292785645
0.2629690170288086
0.26599597930908203
0.264951229095459
0.25399279594421387
0.29546213150024414
0.28681302070617676
0.25221896171569824
0.2673778533935547
0.2688329219818115
0.2875690460205078
0.27998900413513184
0.27413487434387207
0.3182992935180664
0.3240499496459961
0.2942020893096924
0.3053932189941406
0.28484511375427246
0.2929091453552246
0.25870418548583984
0.29862117767333984
0.30333995819091797
0.3004000186920166
0.2955951690673828
0.29179906845092773
0.27741003036499023
0.26015210151672363
0.2999601364135742
0.2834758758544922
0.3175029754638672
0.26712679862976074
0.26836395263671875
0.28961801528930664
0.28374719619750977
0.26743197441101074
0.2700810432434082
0.313539981842041
0.29128122329711914
0.28473591804504395
0.2603902816772461
0.27323293685913086
0.2899467945098877
0.29175591468811035
0.31658220291137695
0.2774519920349121
0.2632598876953125
0.2980971336364746
0.3034093379974365
0.2846851348876953
0.2883322238922119
0.266355037689209
0.29969286918640137
