0.012203693389892578
0.0195467472076416
0.01394796371459961
0.01684260368347168
0.015458345413208008
0.016736984252929688
0.020319223403930664
0.01500558853149414
0.015273332595825195
0.01149749755859375
0.015487194061279297
0.012989521026611328
0.012976884841918945
0.01083517074584961
0.012132883071899414
0.01781296730041504
0.010914325714111328
0.014585733413696289
0.013527154922485352
0.012063026428222656
0.013499259948730469
0.016005992889404297
0.011199951171875
0.014679670333862305
0.019393205642700195
0.013440370559692383
0.014945030212402344
0.01071310043334961
0.011276960372924805
0.014771223068237305
0.01762533187866211
0.016974210739135742
0.02337169647216797
0.014189481735229492
0.011452913284301758
0.014024496078491211
0.013793706893920898
0.011758089065551758
0.015314102172851562
0.012715816497802734
0.02108144760131836
0.013109207153320312
0.012859344482421875
0.011792659759521484
0.012619256973266602
0.011534929275512695
0.016716957092285156
0.013525962829589844
0.013478279113769531
0.015407323837280273
0.011658668518066406
0.013312339782714844
0.013346195220947266
0.011594772338867188
0.014261960983276367
0.01631784439086914
0.019258975982666016
0.028435230255126953
0.017491817474365234
0.012383699417114258
0.013245105743408203
0.01032876968383789
0.018985748291015625
0.013341188430786133
0.030352115631103516
0.01344156265258789
0.020514726638793945
0.010861396789550781
0.012731313705444336
0.01544189453125
0.020661592483520508
0.012445926666259766
0.010402441024780273
0.014760971069335938
0.010835647583007812
0.01668691635131836
0.012986898422241211
0.014701366424560547
0.014527082443237305
0.013550519943237305
0.01069784164428711
0.02727985382080078
0.013486385345458984
0.0329744815826416
0.03383016586303711
0.011318445205688477
0.035352230072021484
0.015254020690917969
0.012555122375488281
0.011703729629516602
0.017218589782714844
0.014955520629882812
0.015091180801391602
0.01138758659362793
0.013655900955200195
0.01728510856628418
0.011604785919189453
0.015990495681762695
0.0182497501373291
0.011226654052734375
