0.00018358230590820312
7.939338684082031e-05
7.700920104980469e-05
7.462501525878906e-05
7.510185241699219e-05
7.367134094238281e-05
7.176399230957031e-05
7.510185241699219e-05
7.581710815429688e-05
7.367134094238281e-05
7.62939453125e-05
7.605552673339844e-05
7.605552673339844e-05
8.20159912109375e-05
0.00016570091247558594
7.748603820800781e-05
7.700920104980469e-05
8.20159912109375e-05
7.62939453125e-05
8.273124694824219e-05
7.62939453125e-05
7.772445678710938e-05
7.677078247070312e-05
8.20159912109375e-05
7.462501525878906e-05
7.43865966796875e-05
7.414817810058594e-05
8.0108642578125e-05
7.367134094238281e-05
7.534027099609375e-05
7.62939453125e-05
7.534027099609375e-05
7.43865966796875e-05
7.390975952148438e-05
8.034706115722656e-05
7.390975952148438e-05
9.846687316894531e-05
7.43865966796875e-05
7.486343383789062e-05
8.082389831542969e-05
7.414817810058594e-05
7.295608520507812e-05
8.225440979003906e-05
7.367134094238281e-05
8.0108642578125e-05
7.414817810058594e-05
7.319450378417969e-05
7.462501525878906e-05
7.319450378417969e-05
7.390975952148438e-05
7.343292236328125e-05
7.557868957519531e-05
7.390975952148438e-05
7.462501525878906e-05
7.510185241699219e-05
7.462501525878906e-05
7.319450378417969e-05
7.462501525878906e-05
7.390975952148438e-05
7.367134094238281e-05
7.414817810058594e-05
7.43865966796875e-05
7.343292236328125e-05
7.2479248046875e-05
7.343292236328125e-05
7.271766662597656e-05
7.510185241699219e-05
7.414817810058594e-05
7.319450378417969e-05
7.367134094238281e-05
7.367134094238281e-05
7.462501525878906e-05
7.390975952148438e-05
7.367134094238281e-05
7.319450378417969e-05
7.200241088867188e-05
7.891654968261719e-05
7.43865966796875e-05
7.510185241699219e-05
7.390975952148438e-05
7.486343383789062e-05
7.43865966796875e-05
7.390975952148438e-05
7.43865966796875e-05
7.414817810058594e-05
7.43865966796875e-05
7.390975952148438e-05
7.557868957519531e-05
7.510185241699219e-05
7.462501525878906e-05
7.462501525878906e-05
7.390975952148438e-05
7.343292236328125e-05
7.462501525878906e-05
7.390975952148438e-05
7.534027099609375e-05
7.414817810058594e-05
7.43865966796875e-05
7.462501525878906e-05
7.414817810058594e-05
