0.00790262222290039
0.011455297470092773
0.010329008102416992
0.010690450668334961
0.012060165405273438
0.015299081802368164
0.010431289672851562
0.00966954231262207
0.010718584060668945
0.00850677490234375
0.012962579727172852
0.012044906616210938
0.012120246887207031
0.00823211669921875
0.009752988815307617
0.007916688919067383
0.008198022842407227
0.010996103286743164
0.010352373123168945
0.007533550262451172
0.01080775260925293
0.0102386474609375
0.007402658462524414
0.01242208480834961
0.007207155227661133
0.010422229766845703
0.010793685913085938
0.00801396369934082
0.008437871932983398
0.013231277465820312
0.010413646697998047
0.007768869400024414
0.01146554946899414
0.010609626770019531
0.007651805877685547
0.010668516159057617
0.009330034255981445
0.007927894592285156
0.010848283767700195
0.0097808837890625
0.00915217399597168
0.011356115341186523
0.009836435317993164
0.007595062255859375
0.010389089584350586
0.007666587829589844
0.007465839385986328
0.011652469635009766
0.009157896041870117
0.013101339340209961
0.007304191589355469
0.009522199630737305
0.009392976760864258
0.0074310302734375
0.009848594665527344
0.01017618179321289
0.007377147674560547
0.010501861572265625
0.00985097885131836
0.008827686309814453
0.00997304916381836
0.006983280181884766
0.00785207748413086
0.010205745697021484
0.011383056640625
0.010294198989868164
0.01009511947631836
0.008599281311035156
0.010367393493652344
0.01187276840209961
0.011905908584594727
0.009138345718383789
0.008526802062988281
0.011647939682006836
0.007024049758911133
0.010364770889282227
0.010790348052978516
0.010838508605957031
0.01102137565612793
0.009926319122314453
0.00799870491027832
0.00991201400756836
0.010551691055297852
0.012335538864135742
0.009911537170410156
0.008596420288085938
0.010178089141845703
0.010426998138427734
0.01095128059387207
0.008512258529663086
0.011603116989135742
0.009585380554199219
0.01035928726196289
0.008352279663085938
0.010082483291625977
0.009880542755126953
0.007987499237060547
0.01038050651550293
0.010728836059570312
0.007387399673461914
