0.01358652114868164
0.015706777572631836
0.013638734817504883
0.017633914947509766
0.018419981002807617
0.012022733688354492
0.014107227325439453
0.0312807559967041
0.013825654983520508
0.012333393096923828
0.015166521072387695
0.015947580337524414
0.014061450958251953
0.011590003967285156
0.01735544204711914
0.013241052627563477
0.01127767562866211
0.014690160751342773
0.015215396881103516
0.011210203170776367
0.013538837432861328
0.02812480926513672
0.01192164421081543
0.015555143356323242
0.011734247207641602
0.014015913009643555
0.013347387313842773
0.012057304382324219
0.010835409164428711
0.014627218246459961
0.014929056167602539
0.01314687728881836
0.015958070755004883
0.013699531555175781
0.012587308883666992
0.013796329498291016
0.01353907585144043
0.01150202751159668
0.015144109725952148
0.013777971267700195
0.016291379928588867
0.013626575469970703
0.012675285339355469
0.015112876892089844
0.013576030731201172
0.01147007942199707
0.01169133186340332
0.013483285903930664
0.014980792999267578
0.015427112579345703
0.011041641235351562
0.014997482299804688
0.01572561264038086
0.011358976364135742
0.014398813247680664
0.015114545822143555
0.011221647262573242
0.01494145393371582
0.01537466049194336
0.010626554489135742
0.01301431655883789
0.012693643569946289
0.01108694076538086
0.013509750366210938
0.014284372329711914
0.01322317123413086
0.013475894927978516
0.011408805847167969
0.010033130645751953
0.013901948928833008
0.013527631759643555
0.013429880142211914
0.010511398315429688
0.013148784637451172
0.010011672973632812
0.014983415603637695
0.012897014617919922
0.013828039169311523
0.01837944984436035
0.013398170471191406
0.011271238327026367
0.017815828323364258
0.012969493865966797
0.01355743408203125
0.021586179733276367
0.011307477951049805
0.013377666473388672
0.012557268142700195
0.012273073196411133
0.011569976806640625
0.013261079788208008
0.013297796249389648
0.013671159744262695
0.010990619659423828
0.013023853302001953
0.02019643783569336
0.03036808967590332
0.015019655227661133
0.016362667083740234
0.01114344596862793
