0.011448860168457031
0.010317564010620117
0.007483005523681641
0.007614850997924805
0.0075800418853759766
0.007476091384887695
0.007328033447265625
0.007849693298339844
0.009601593017578125
0.00766301155090332
0.0075876712799072266
0.007870197296142578
0.007950782775878906
0.00785970687866211
0.007886886596679688
0.011112213134765625
0.008287668228149414
0.007835865020751953
0.007463932037353516
0.02052474021911621
0.00805974006652832
0.008049249649047852
0.008856773376464844
0.008962869644165039
0.008348941802978516
0.008005857467651367
0.007925033569335938
0.007745027542114258
0.008153438568115234
0.007662057876586914
0.00787496566772461
0.007888078689575195
0.007883071899414062
0.007397174835205078
0.007593870162963867
0.007508754730224609
0.008173704147338867
0.013507366180419922
0.0078582763671875
0.010279655456542969
0.00854349136352539
0.007840394973754883
0.007725954055786133
0.00743412971496582
0.00794672966003418
0.007210493087768555
0.007525444030761719
0.007260560989379883
0.008239269256591797
0.00751805305480957
0.007613658905029297
0.008081436157226562
0.0074388980865478516
0.007359743118286133
0.00773167610168457
0.0073659420013427734
0.00803995132446289
0.007496833801269531
0.009150028228759766
0.00825953483581543
0.009259700775146484
0.018175601959228516
0.007884025573730469
0.006928682327270508
0.007307291030883789
0.007490396499633789
0.0074460506439208984
0.008159637451171875
0.007756471633911133
0.007071971893310547
0.006928682327270508
0.007659196853637695
0.007484912872314453
0.008501052856445312
0.007916688919067383
0.007446765899658203
0.008460283279418945
0.008225440979003906
0.007682323455810547
0.007568359375
0.007551908493041992
0.008059978485107422
0.007637977600097656
0.015967369079589844
0.007729053497314453
0.0076715946197509766
0.008396148681640625
0.008929014205932617
0.007968425750732422
0.021950960159301758
0.007822513580322266
0.007567405700683594
0.007710933685302734
0.009003400802612305
0.009902715682983398
0.007528781890869141
0.007854700088500977
0.007489681243896484
0.007764101028442383
0.007851600646972656
