0.00016069412231445312
7.963180541992188e-05
7.605552673339844e-05
7.534027099609375e-05
7.605552673339844e-05
7.462501525878906e-05
7.319450378417969e-05
7.271766662597656e-05
7.43865966796875e-05
7.295608520507812e-05
7.295608520507812e-05
7.295608520507812e-05
7.224082946777344e-05
7.176399230957031e-05
7.891654968261719e-05
7.343292236328125e-05
7.319450378417969e-05
7.390975952148438e-05
7.295608520507812e-05
7.867813110351562e-05
7.2479248046875e-05
7.414817810058594e-05
7.200241088867188e-05
7.319450378417969e-05
7.915496826171875e-05
7.581710815429688e-05
7.581710815429688e-05
7.605552673339844e-05
7.486343383789062e-05
8.106231689453125e-05
7.557868957519531e-05
7.534027099609375e-05
7.510185241699219e-05
7.581710815429688e-05
8.225440979003906e-05
7.534027099609375e-05
7.62939453125e-05
7.700920104980469e-05
7.557868957519531e-05
8.0108642578125e-05
7.152557373046875e-05
7.367134094238281e-05
7.43865966796875e-05
7.367134094238281e-05
8.082389831542969e-05
7.2479248046875e-05
7.271766662597656e-05
7.176399230957031e-05
7.128715515136719e-05
7.152557373046875e-05
7.104873657226562e-05
7.200241088867188e-05
7.414817810058594e-05
7.2479248046875e-05
7.987022399902344e-05
7.557868957519531e-05
7.605552673339844e-05
7.653236389160156e-05
7.534027099609375e-05
8.177757263183594e-05
7.700920104980469e-05
7.605552673339844e-05
8.296966552734375e-05
7.414817810058594e-05
8.153915405273438e-05
7.534027099609375e-05
7.724761962890625e-05
7.581710815429688e-05
7.557868957519531e-05
7.534027099609375e-05
7.534027099609375e-05
0.00013256072998046875
7.677078247070312e-05
7.653236389160156e-05
7.62939453125e-05
7.62939453125e-05
7.581710815429688e-05
7.557868957519531e-05
7.62939453125e-05
7.43865966796875e-05
7.677078247070312e-05
7.605552673339844e-05
7.581710815429688e-05
7.557868957519531e-05
7.62939453125e-05
7.724761962890625e-05
7.581710815429688e-05
8.034706115722656e-05
7.700920104980469e-05
7.605552673339844e-05
7.748603820800781e-05
7.62939453125e-05
7.557868957519531e-05
7.62939453125e-05
7.653236389160156e-05
7.605552673339844e-05
7.534027099609375e-05
7.510185241699219e-05
8.20159912109375e-05
7.534027099609375e-05
