0.008745670318603516
0.009850263595581055
0.010025978088378906
0.007160186767578125
0.009819269180297852
0.008746147155761719
0.010705232620239258
0.010059595108032227
0.010349512100219727
0.007346630096435547
0.007619142532348633
0.009984493255615234
0.00935053825378418
0.0074176788330078125
0.009626626968383789
0.0074138641357421875
0.008006095886230469
0.010064125061035156
0.013583183288574219
0.007753610610961914
0.010094404220581055
0.008092641830444336
0.008178472518920898
0.020437002182006836
0.008877754211425781
0.010030508041381836
0.009808063507080078
0.009461164474487305
0.007470369338989258
0.009955644607543945
0.009430646896362305
0.008206367492675781
0.0072727203369140625
0.011106729507446289
0.007486820220947266
0.009977579116821289
0.010284900665283203
0.007737874984741211
0.008759498596191406
0.0101470947265625
0.007326841354370117
0.00931239128112793
0.009847402572631836
0.007755756378173828
0.009925603866577148
0.008248567581176758
0.007742404937744141
0.010593414306640625
0.010325193405151367
0.0076787471771240234
0.007130622863769531
0.01003718376159668
0.010208845138549805
0.008083343505859375
0.010070562362670898
0.00774693489074707
0.007601499557495117
0.009965896606445312
0.009707450866699219
0.0073168277740478516
0.009819507598876953
0.007734775543212891
0.007463693618774414
0.01033329963684082
0.008352994918823242
0.010141849517822266
0.01058053970336914
0.007676601409912109
0.007554531097412109
0.009792804718017578
0.009971857070922852
0.0072252750396728516
0.0074079036712646484
0.011175394058227539
0.007835149765014648
0.01009511947631836
0.010772943496704102
0.008098363876342773
0.00873112678527832
0.01127314567565918
0.007771730422973633
0.009248971939086914
0.011095285415649414
0.0076677799224853516
0.010058879852294922
0.00786590576171875
0.007800579071044922
0.011586666107177734
0.010043859481811523
0.01314234733581543
0.008939266204833984
0.010010242462158203
0.010913372039794922
0.008602142333984375
0.009989023208618164
0.008969545364379883
0.00805044174194336
0.010081291198730469
0.01374506950378418
0.00846719741821289
