0.0001685619354248047
7.796287536621094e-05
7.367134094238281e-05
7.319450378417969e-05
0.00010085105895996094
7.200241088867188e-05
7.319450378417969e-05
7.271766662597656e-05
7.128715515136719e-05
7.009506225585938e-05
6.961822509765625e-05
6.961822509765625e-05
7.581710815429688e-05
7.05718994140625e-05
6.961822509765625e-05
7.05718994140625e-05
7.176399230957031e-05
7.05718994140625e-05
7.009506225585938e-05
7.033348083496094e-05
7.200241088867188e-05
7.05718994140625e-05
7.152557373046875e-05
7.295608520507812e-05
7.128715515136719e-05
7.033348083496094e-05
7.104873657226562e-05
6.961822509765625e-05
7.677078247070312e-05
7.05718994140625e-05
7.033348083496094e-05
7.557868957519531e-05
6.961822509765625e-05
6.985664367675781e-05
0.00010037422180175781
7.128715515136719e-05
6.985664367675781e-05
7.009506225585938e-05
7.033348083496094e-05
7.081031799316406e-05
7.128715515136719e-05
6.890296936035156e-05
7.343292236328125e-05
7.271766662597656e-05
7.939338684082031e-05
7.367134094238281e-05
7.271766662597656e-05
7.271766662597656e-05
7.271766662597656e-05
7.295608520507812e-05
7.43865966796875e-05
7.43865966796875e-05
7.367134094238281e-05
7.43865966796875e-05
7.915496826171875e-05
7.343292236328125e-05
7.367134094238281e-05
7.295608520507812e-05
7.367134094238281e-05
7.319450378417969e-05
7.343292236328125e-05
7.343292236328125e-05
7.343292236328125e-05
7.367134094238281e-05
7.367134094238281e-05
7.486343383789062e-05
7.390975952148438e-05
7.319450378417969e-05
7.390975952148438e-05
7.367134094238281e-05
7.43865966796875e-05
7.390975952148438e-05
7.319450378417969e-05
7.414817810058594e-05
0.00012612342834472656
7.510185241699219e-05
7.462501525878906e-05
7.414817810058594e-05
7.367134094238281e-05
7.390975952148438e-05
7.534027099609375e-05
7.462501525878906e-05
7.43865966796875e-05
7.295608520507812e-05
7.343292236328125e-05
8.0108642578125e-05
7.343292236328125e-05
7.319450378417969e-05
7.43865966796875e-05
7.343292236328125e-05
7.390975952148438e-05
7.534027099609375e-05
7.43865966796875e-05
7.295608520507812e-05
7.319450378417969e-05
7.367134094238281e-05
7.224082946777344e-05
7.462501525878906e-05
7.343292236328125e-05
7.295608520507812e-05
