0.00863957405090332
0.012449979782104492
0.010463237762451172
0.011277437210083008
0.013527154922485352
0.00802159309387207
0.011115074157714844
0.012717008590698242
0.010460138320922852
0.008486747741699219
0.010312080383300781
0.011587858200073242
0.010280370712280273
0.007853507995605469
0.011534452438354492
0.007818222045898438
0.007892131805419922
0.011154413223266602
0.010099649429321289
0.01007533073425293
0.016017913818359375
0.013453960418701172
0.016490697860717773
0.013860225677490234
0.010096311569213867
0.011178016662597656
0.011960506439208984
0.011348724365234375
0.011776208877563477
0.014348030090332031
0.021022319793701172
0.01072072982788086
0.01930403709411621
0.010416030883789062
0.010504961013793945
0.011487483978271484
0.009739875793457031
0.008724451065063477
0.012588024139404297
0.010356664657592773
0.008068323135375977
0.010942697525024414
0.01090693473815918
0.007953643798828125
0.011558771133422852
0.0077779293060302734
0.007857322692871094
0.011803865432739258
0.011072635650634766
0.017393112182617188
0.008994579315185547
0.010847806930541992
0.010693073272705078
0.0093231201171875
0.014365911483764648
0.039102792739868164
0.011220455169677734
0.013491153717041016
0.016654014587402344
0.010901451110839844
0.01025533676147461
0.012697219848632812
0.011193037033081055
0.013386726379394531
0.014156341552734375
0.01147007942199707
0.010614871978759766
0.01099705696105957
0.008238554000854492
0.010421514511108398
0.013152837753295898
0.011339426040649414
0.007750988006591797
0.01691460609436035
0.008208751678466797
0.012704610824584961
0.011435508728027344
0.01155996322631836
0.010243415832519531
0.010520458221435547
0.007714748382568359
0.013103485107421875
0.010208606719970703
0.013348579406738281
0.012029886245727539
0.008411169052124023
0.01079249382019043
0.01051783561706543
0.010661125183105469
0.00784611701965332
0.010417699813842773
0.009771347045898438
0.01069188117980957
0.007881402969360352
0.013415813446044922
0.030164480209350586
0.007791757583618164
0.011673688888549805
0.027306556701660156
0.008628129959106445
