0.00832056999206543
0.010853052139282227
0.013576030731201172
0.0132904052734375
0.012109756469726562
0.008059978485107422
0.013585567474365234
0.012221813201904297
0.010396480560302734
0.010348796844482422
0.022916793823242188
0.01760268211364746
0.010515451431274414
0.007662773132324219
0.010164022445678711
0.007346391677856445
0.009353876113891602
0.010213851928710938
0.011066913604736328
0.007428169250488281
0.009784698486328125
0.011871337890625
0.007869720458984375
0.009946823120117188
0.010194540023803711
0.010238885879516602
0.012283086776733398
0.00753331184387207
0.009778499603271484
0.010400772094726562
0.017087697982788086
0.008619546890258789
0.020259857177734375
0.009865760803222656
0.007972240447998047
0.010069847106933594
0.011264801025390625
0.009246587753295898
0.011061668395996094
0.011545896530151367
0.007852554321289062
0.010154008865356445
0.00988459587097168
0.007199525833129883
0.010130882263183594
0.00740361213684082
0.0074062347412109375
0.01024937629699707
0.013534784317016602
0.010486125946044922
0.006953239440917969
0.009588479995727539
0.009619474411010742
0.008336544036865234
0.00996851921081543
0.009718894958496094
0.007392406463623047
0.009336233139038086
0.009520769119262695
0.0077419281005859375
0.010028839111328125
0.007666349411010742
0.007397174835205078
0.010019540786743164
0.010400056838989258
0.009538650512695312
0.010090112686157227
0.008419990539550781
0.008018016815185547
0.011621952056884766
0.010351181030273438
0.0075931549072265625
0.00742030143737793
0.009505987167358398
0.007391452789306641
0.010506391525268555
0.009850740432739258
0.009691953659057617
0.01041722297668457
0.011630773544311523
0.007856369018554688
0.010846376419067383
0.010337591171264648
0.009895801544189453
0.009706735610961914
0.007767915725708008
0.010137319564819336
0.01033639907836914
0.010308980941772461
0.0071790218353271484
0.010057687759399414
0.009895086288452148
0.010262489318847656
0.007126331329345703
0.010255575180053711
0.009822845458984375
0.007694244384765625
0.010795831680297852
0.014739036560058594
0.007891178131103516
