0.019682884216308594
0.6087026596069336
0.034554243087768555
0.014087438583374023
0.012976646423339844
0.04940319061279297
0.014137029647827148
0.013288497924804688
0.013433218002319336
0.011046171188354492
0.014487266540527344
0.01233363151550293
0.013758420944213867
0.01106715202331543
0.012862682342529297
0.011655807495117188
0.01006627082824707
0.01301431655883789
0.018114805221557617
0.011129379272460938
0.012728452682495117
0.014775753021240234
0.013584613800048828
0.013928890228271484
0.010631799697875977
0.013386011123657227
0.012805700302124023
0.011651039123535156
0.010860919952392578
0.01580953598022461
0.014594793319702148
0.010494709014892578
0.016295433044433594
0.013859987258911133
0.01119542121887207
0.011812686920166016
0.014256954193115234
0.011313199996948242
0.01705336570739746
0.013518333435058594
0.01097559928894043
0.012477397918701172
0.016501903533935547
0.011260747909545898
0.013373374938964844
0.010521888732910156
0.011967658996582031
0.013679265975952148
0.013460636138916016
0.013359308242797852
0.01264500617980957
0.013979196548461914
0.013977527618408203
0.010815858840942383
0.013047456741333008
0.013806343078613281
0.011763334274291992
0.014327049255371094
0.015180349349975586
0.01098775863647461
0.013107061386108398
0.012791633605957031
0.011598825454711914
0.013276100158691406
0.01368570327758789
0.012604236602783203
0.01342010498046875
0.013652801513671875
0.010765314102172852
0.01345372200012207
0.01347804069519043
0.012810707092285156
0.015552520751953125
0.015105962753295898
0.014589309692382812
0.014735937118530273
0.0135955810546875
0.025908470153808594
0.016997575759887695
0.013846158981323242
0.013463020324707031
0.016022920608520508
0.013896703720092773
0.01982879638671875
0.016415119171142578
0.011228322982788086
0.018869638442993164
0.014100313186645508
0.013313055038452148
0.011383295059204102
0.0165555477142334
0.013953685760498047
0.0171663761138916
0.01064157485961914
0.013459205627441406
0.013621807098388672
0.011827230453491211
0.014539480209350586
0.013719558715820312
0.01359868049621582
