0.007670879364013672
0.010100841522216797
0.010479211807250977
0.010351419448852539
0.010360956192016602
0.007657766342163086
0.00952768325805664
0.010230064392089844
0.00967550277709961
0.007191896438598633
0.010395288467407227
0.009843111038208008
0.010138750076293945
0.007618904113769531
0.010012388229370117
0.007389068603515625
0.007210254669189453
0.010657787322998047
0.010791778564453125
0.007513284683227539
0.009898185729980469
0.00981283187866211
0.007436275482177734
0.011802196502685547
0.007055521011352539
0.01010274887084961
0.011737585067749023
0.008158445358276367
0.007235050201416016
0.009334564208984375
0.009959697723388672
0.007760286331176758
0.011209249496459961
0.010035991668701172
0.008128166198730469
0.010348081588745117
0.010909795761108398
0.00993204116821289
0.01064753532409668
0.012085199356079102
0.0077056884765625
0.0104827880859375
0.009846210479736328
0.00884389877319336
0.01061868667602539
0.008176565170288086
0.007465839385986328
0.010195255279541016
0.009887456893920898
0.01064443588256836
0.007422208786010742
0.010712146759033203
0.009984016418457031
0.008063793182373047
0.013375043869018555
0.01073455810546875
0.007798433303833008
0.012216329574584961
0.013108491897583008
0.007322549819946289
0.009999513626098633
0.008790969848632812
0.007496356964111328
0.010341882705688477
0.01125025749206543
0.010509729385375977
0.010854721069335938
0.008031129837036133
0.008318662643432617
0.012101173400878906
0.010099411010742188
0.007492780685424805
0.03337287902832031
0.011763334274291992
0.00777435302734375
0.013056755065917969
0.010969877243041992
0.02402782440185547
0.016214847564697266
0.010851860046386719
0.023575544357299805
0.011815309524536133
0.012652397155761719
0.011120080947875977
0.0113525390625
0.008714914321899414
0.011340618133544922
0.010567426681518555
0.010340452194213867
0.007886648178100586
0.011294841766357422
0.010076522827148438
0.009950637817382812
0.009504556655883789
0.010556697845458984
0.010936737060546875
0.007798671722412109
0.010820865631103516
0.011657476425170898
0.007761716842651367
