0.8051671981811523
0.014204025268554688
0.013573169708251953
0.014320850372314453
0.013776063919067383
0.011074066162109375
0.01506805419921875
0.015598297119140625
0.014600276947021484
0.011979103088378906
0.013905525207519531
0.012942075729370117
0.013490676879882812
0.01112818717956543
0.01345682144165039
0.011814594268798828
0.012123823165893555
0.013658761978149414
0.016692161560058594
0.013489723205566406
0.01967597007751465
0.01537632942199707
0.011823654174804688
0.013953685760498047
0.011188030242919922
0.014477729797363281
0.012612104415893555
0.013718128204345703
0.009922981262207031
0.01409459114074707
0.013213872909545898
0.010627508163452148
0.01384282112121582
0.013603925704956055
0.01117086410522461
0.013694047927856445
0.013155698776245117
0.012015104293823242
0.01391148567199707
0.015434741973876953
0.012198209762573242
0.014334440231323242
0.013309478759765625
0.011213302612304688
0.013093233108520508
0.011548757553100586
0.012175559997558594
0.015375137329101562
0.013676881790161133
0.012864112854003906
0.010828495025634766
0.012792348861694336
0.013339519500732422
0.010970830917358398
0.013419866561889648
0.012649774551391602
0.011387109756469727
0.013820886611938477
0.013585567474365234
0.011185646057128906
0.013063430786132812
0.013452529907226562
0.010640382766723633
0.012928485870361328
0.016119718551635742
0.013242721557617188
0.013920068740844727
0.012009143829345703
0.011087179183959961
0.014504671096801758
0.014256000518798828
0.013405799865722656
0.010646820068359375
0.01346588134765625
0.012038707733154297
0.015470743179321289
0.014106988906860352
0.014146566390991211
0.015195846557617188
0.012874126434326172
0.01098012924194336
0.013388872146606445
0.014425039291381836
0.013878822326660156
0.013278007507324219
0.012194633483886719
0.013762950897216797
0.014281988143920898
0.014573097229003906
0.014359235763549805
0.013341188430786133
0.013570308685302734
0.012881278991699219
0.010615110397338867
0.01319432258605957
0.015304803848266602
0.011821269989013672
0.01654958724975586
0.017121553421020508
0.012192010879516602
