0.00020623207092285156
8.535385131835938e-05
7.939338684082031e-05
7.796287536621094e-05
7.724761962890625e-05
7.677078247070312e-05
7.700920104980469e-05
7.700920104980469e-05
0.00011396408081054688
7.843971252441406e-05
7.677078247070312e-05
7.62939453125e-05
7.724761962890625e-05
7.605552673339844e-05
7.700920104980469e-05
8.0108642578125e-05
8.0108642578125e-05
8.058547973632812e-05
8.702278137207031e-05
7.915496826171875e-05
8.082389831542969e-05
8.106231689453125e-05
0.00010538101196289062
8.296966552734375e-05
7.963180541992188e-05
7.939338684082031e-05
7.891654968261719e-05
7.963180541992188e-05
8.20159912109375e-05
7.510185241699219e-05
7.486343383789062e-05
7.486343383789062e-05
7.534027099609375e-05
7.534027099609375e-05
8.249282836914062e-05
7.534027099609375e-05
0.00011110305786132812
7.534027099609375e-05
7.510185241699219e-05
7.557868957519531e-05
7.367134094238281e-05
7.414817810058594e-05
7.557868957519531e-05
7.43865966796875e-05
7.486343383789062e-05
7.700920104980469e-05
7.510185241699219e-05
7.486343383789062e-05
7.772445678710938e-05
7.748603820800781e-05
7.724761962890625e-05
8.344650268554688e-05
7.581710815429688e-05
7.605552673339844e-05
7.557868957519531e-05
7.605552673339844e-05
7.581710815429688e-05
8.177757263183594e-05
7.534027099609375e-05
7.486343383789062e-05
0.00013303756713867188
7.867813110351562e-05
8.893013000488281e-05
7.867813110351562e-05
0.00010967254638671875
7.891654968261719e-05
7.62939453125e-05
7.772445678710938e-05
8.392333984375e-05
7.653236389160156e-05
7.557868957519531e-05
7.62939453125e-05
7.557868957519531e-05
7.534027099609375e-05
7.557868957519531e-05
7.82012939453125e-05
7.82012939453125e-05
7.796287536621094e-05
0.00010180473327636719
7.867813110351562e-05
7.963180541992188e-05
7.891654968261719e-05
7.653236389160156e-05
7.653236389160156e-05
7.605552673339844e-05
8.845329284667969e-05
7.557868957519531e-05
7.510185241699219e-05
7.581710815429688e-05
7.605552673339844e-05
7.486343383789062e-05
8.058547973632812e-05
0.00010824203491210938
7.62939453125e-05
7.486343383789062e-05
7.534027099609375e-05
8.130073547363281e-05
7.414817810058594e-05
7.462501525878906e-05
7.557868957519531e-05
0.00019931793212890625
0.00013518333435058594
0.00011086463928222656
0.00010204315185546875
0.00010395050048828125
9.918212890625e-05
0.00010228157043457031
0.00010800361633300781
9.298324584960938e-05
9.489059448242188e-05
9.489059448242188e-05
8.702278137207031e-05
8.225440979003906e-05
7.891654968261719e-05
7.796287536621094e-05
8.225440979003906e-05
7.414817810058594e-05
7.200241088867188e-05
6.914138793945312e-05
6.794929504394531e-05
6.794929504394531e-05
8.296966552734375e-05
7.915496826171875e-05
8.082389831542969e-05
6.794929504394531e-05
7.724761962890625e-05
6.794929504394531e-05
7.987022399902344e-05
6.723403930664062e-05
6.604194641113281e-05
6.794929504394531e-05
6.508827209472656e-05
6.604194641113281e-05
6.604194641113281e-05
7.081031799316406e-05
7.104873657226562e-05
6.67572021484375e-05
7.724761962890625e-05
7.295608520507812e-05
0.00013518333435058594
8.606910705566406e-05
9.179115295410156e-05
0.00013899803161621094
7.82012939453125e-05
8.296966552734375e-05
8.702278137207031e-05
8.082389831542969e-05
7.510185241699219e-05
7.200241088867188e-05
0.0001068115234375
7.915496826171875e-05
6.914138793945312e-05
9.202957153320312e-05
7.009506225585938e-05
6.890296936035156e-05
6.794929504394531e-05
9.012222290039062e-05
7.295608520507812e-05
6.818771362304688e-05
7.295608520507812e-05
0.0001289844512939453
7.200241088867188e-05
6.604194641113281e-05
6.604194641113281e-05
6.628036499023438e-05
7.104873657226562e-05
6.604194641113281e-05
6.604194641113281e-05
6.508827209472656e-05
7.390975952148438e-05
6.604194641113281e-05
6.461143493652344e-05
6.604194641113281e-05
7.128715515136719e-05
7.200241088867188e-05
6.508827209472656e-05
6.580352783203125e-05
7.104873657226562e-05
8.916854858398438e-05
9.107589721679688e-05
9.918212890625e-05
0.00015401840209960938
0.00011587142944335938
0.00010800361633300781
9.298324584960938e-05
8.20159912109375e-05
7.796287536621094e-05
8.296966552734375e-05
9.107589721679688e-05
7.200241088867188e-05
8.0108642578125e-05
7.390975952148438e-05
7.224082946777344e-05
7.82012939453125e-05
7.915496826171875e-05
8.702278137207031e-05
7.700920104980469e-05
7.605552673339844e-05
7.128715515136719e-05
7.104873657226562e-05
