0.00852346420288086
0.012310028076171875
0.010536432266235352
0.015603303909301758
0.011731147766113281
0.008428812026977539
0.02050018310546875
0.010981321334838867
0.009520292282104492
0.00769805908203125
0.009922504425048828
0.010964393615722656
0.010338783264160156
0.008229255676269531
0.010559320449829102
0.007848501205444336
0.007782459259033203
0.00998377799987793
0.011487722396850586
0.008042335510253906
0.010276079177856445
0.010719060897827148
0.008092880249023438
0.011126041412353516
0.008718013763427734
0.010091304779052734
0.009813308715820312
0.008959531784057617
0.007433652877807617
0.010743379592895508
0.012615680694580078
0.009052753448486328
0.010610342025756836
0.01014089584350586
0.007715702056884766
0.010395050048828125
0.010358333587646484
0.00783991813659668
0.013675212860107422
0.01183319091796875
0.007576942443847656
0.01009368896484375
0.009867668151855469
0.00848388671875
0.010119199752807617
0.008124113082885742
0.007699012756347656
0.010792970657348633
0.010088443756103516
0.01159977912902832
0.008326530456542969
0.010478734970092773
0.01005101203918457
0.01504969596862793
0.01040029525756836
0.011316776275634766
0.008621931076049805
0.010402679443359375
0.014515399932861328
0.00885629653930664
0.011870384216308594
0.008635282516479492
0.0078582763671875
0.010673284530639648
0.012345075607299805
0.010584354400634766
0.01142740249633789
0.008074522018432617
0.0077097415924072266
0.011245012283325195
0.01094365119934082
0.007391691207885742
0.008318424224853516
0.01459360122680664
0.008288383483886719
0.010793685913085938
0.013261795043945312
0.011472225189208984
0.010007858276367188
0.009676694869995117
0.00849151611328125
0.012575387954711914
0.010325908660888672
0.010283470153808594
0.011036872863769531
0.008088350296020508
0.010571718215942383
0.013394832611083984
0.010501384735107422
0.008744955062866211
0.011014699935913086
0.011464595794677734
0.011118173599243164
0.008540868759155273
0.010971307754516602
0.013081550598144531
0.00806570053100586
0.010614156723022461
0.010309934616088867
0.00740814208984375
