0.7553918361663818
0.01645684242248535
0.01538538932800293
0.015143632888793945
0.01397252082824707
0.011214733123779297
0.01981949806213379
0.014794349670410156
0.013827800750732422
0.01591038703918457
0.01565718650817871
0.013557195663452148
0.01961684226989746
0.011679887771606445
0.02726578712463379
0.012562990188598633
0.011986732482910156
0.01343989372253418
0.015260934829711914
0.011269092559814453
0.01324152946472168
0.013654470443725586
0.011996269226074219
0.015897512435913086
0.011082887649536133
0.014319419860839844
0.013143777847290039
0.010945320129394531
0.010435819625854492
0.013638019561767578
0.017663955688476562
0.012002706527709961
0.013837099075317383
0.013951539993286133
0.011696338653564453
0.014428138732910156
0.013369083404541016
0.0192415714263916
0.016759872436523438
0.013240814208984375
0.011560201644897461
0.018306493759155273
0.01286625862121582
0.030535459518432617
0.013997793197631836
0.011914253234863281
0.011052608489990234
0.017537593841552734
0.013863325119018555
0.013651371002197266
0.01132059097290039
0.014117002487182617
0.012733936309814453
0.011773824691772461
0.019973039627075195
0.015336751937866211
0.011925935745239258
0.0127716064453125
0.01479649543762207
0.01090860366821289
0.01775217056274414
0.010624170303344727
0.010585784912109375
0.013747692108154297
0.013879776000976562
0.013945579528808594
0.013794183731079102
0.010551691055297852
0.010636568069458008
0.014490604400634766
0.015738725662231445
0.010643959045410156
0.012412786483764648
0.013696432113647461
0.010546445846557617
0.013465642929077148
0.013473987579345703
0.013802766799926758
0.013857603073120117
0.017424345016479492
0.011273622512817383
0.015335559844970703
0.014447927474975586
0.01374053955078125
0.012387990951538086
0.013416051864624023
0.0168917179107666
0.01295161247253418
0.013226032257080078
0.012043237686157227
0.019964933395385742
0.01336812973022461
0.013437509536743164
0.010252237319946289
0.01404714584350586
0.013698577880859375
0.014304637908935547
0.014705181121826172
0.01514577865600586
0.011264801025390625
