0.007673740386962891
0.010390996932983398
0.009831666946411133
0.009921073913574219
0.010011911392211914
0.0078105926513671875
0.009862184524536133
0.009913206100463867
0.009852170944213867
0.007481098175048828
0.009543895721435547
0.014348268508911133
0.010214805603027344
0.007485151290893555
0.009265661239624023
0.007409095764160156
0.007065296173095703
0.009468793869018555
0.009849786758422852
0.0067212581634521484
0.00989985466003418
0.009161949157714844
0.0072324275970458984
0.009604930877685547
0.007735013961791992
0.010100126266479492
0.00988626480102539
0.007375955581665039
0.007194995880126953
0.009345531463623047
0.009156465530395508
0.0068967342376708984
0.010278940200805664
0.009728193283081055
0.00677180290222168
0.011484622955322266
0.009216547012329102
0.007107734680175781
0.012581110000610352
0.010221481323242188
0.007569789886474609
0.009824514389038086
0.009333372116088867
0.008095741271972656
0.010207653045654297
0.007433652877807617
0.0068242549896240234
0.009953737258911133
0.009745359420776367
0.016402006149291992
0.007455348968505859
0.010252237319946289
0.009649276733398438
0.007482051849365234
0.00997161865234375
0.011708736419677734
0.0072383880615234375
0.014625310897827148
0.010252952575683594
0.008590936660766602
0.009456157684326172
0.006960868835449219
0.007034778594970703
0.020573139190673828
0.01019144058227539
0.010902881622314453
0.01125955581665039
0.007411956787109375
0.007261514663696289
0.009631633758544922
0.010284185409545898
0.007515668869018555
0.007257938385009766
0.010726213455200195
0.0072443485260009766
0.010557174682617188
0.009539604187011719
0.012589454650878906
0.010820388793945312
0.010027647018432617
0.007859230041503906
0.010091781616210938
0.009812355041503906
0.010319948196411133
0.009621620178222656
0.007389068603515625
0.010108470916748047
0.009407758712768555
0.00967717170715332
0.006869077682495117
0.010254621505737305
0.008930444717407227
0.010034561157226562
0.008121728897094727
0.009255170822143555
0.009886503219604492
0.007684946060180664
0.009752273559570312
0.009541511535644531
0.007142782211303711
