0.008807897567749023
0.010886430740356445
0.007688999176025391
0.007405519485473633
0.00762629508972168
0.0071887969970703125
0.007574796676635742
0.007177591323852539
0.007194995880126953
0.007527589797973633
0.007037639617919922
0.007559299468994141
0.007427215576171875
0.007696628570556641
0.007476329803466797
0.007501125335693359
0.007535696029663086
0.007547140121459961
0.008043766021728516
0.007739543914794922
0.007138252258300781
0.007901430130004883
0.00904989242553711
0.007987022399902344
0.007696390151977539
0.00794672966003418
0.0073778629302978516
0.0076253414154052734
0.007695436477661133
0.007812023162841797
0.008106708526611328
0.00749659538269043
0.0073583126068115234
0.007691621780395508
0.0077245235443115234
0.007151365280151367
0.0072879791259765625
0.007526874542236328
0.007573127746582031
0.007214069366455078
0.007465839385986328
0.007448673248291016
0.008902549743652344
0.007982492446899414
0.007662296295166016
0.008002996444702148
0.0072176456451416016
0.0076906681060791016
0.008656978607177734
0.008159160614013672
0.01577019691467285
0.007868289947509766
0.007593870162963867
0.008144378662109375
0.007699012756347656
0.007804155349731445
0.008818626403808594
0.008051872253417969
0.0076444149017333984
0.007951736450195312
0.008115768432617188
0.00819087028503418
0.007383584976196289
0.008517980575561523
0.00750279426574707
0.008368968963623047
0.0076236724853515625
0.008242368698120117
0.0075719356536865234
0.0072591304779052734
0.008060932159423828
0.008485078811645508
0.007425546646118164
0.0077972412109375
0.008250713348388672
0.007427692413330078
0.007567882537841797
0.007482290267944336
0.007150411605834961
0.009344100952148438
0.0075609683990478516
0.007493734359741211
0.008059501647949219
0.007980585098266602
0.007831335067749023
0.007984161376953125
0.007528543472290039
0.0076634883880615234
0.0077860355377197266
0.0075032711029052734
0.00756072998046875
0.0075397491455078125
0.007743120193481445
0.007748842239379883
0.00793766975402832
0.007309436798095703
0.007282257080078125
0.007380008697509766
0.007650136947631836
0.01028132438659668
0.2705037593841553
0.2789177894592285
0.26073384284973145
0.26627016067504883
0.3142242431640625
0.3288400173187256
0.28812408447265625
0.27098584175109863
0.30092597007751465
0.25826120376586914
0.3011510372161865
0.257080078125
0.2891409397125244
0.32722926139831543
0.29807019233703613
0.2869570255279541
0.29053592681884766
0.2794046401977539
0.28394412994384766
0.27007317543029785
0.31326794624328613
0.27463388442993164
0.3114511966705322
0.26914501190185547
0.29042911529541016
0.26043224334716797
0.27072882652282715
0.2893550395965576
0.26940202713012695
0.2925288677215576
0.2900350093841553
0.2735440731048584
0.27893590927124023
0.3006138801574707
0.3012988567352295
0.29193782806396484
0.3259928226470947
0.2702369689941406
0.2928898334503174
0.26512718200683594
0.2725789546966553
0.291705846786499
0.3006770610809326
0.2725682258605957
0.26496005058288574
0.3076138496398926
0.2671988010406494
0.28510594367980957
0.260408878326416
0.29557299613952637
0.30133700370788574
0.3002810478210449
0.2960350513458252
0.27095603942871094
0.2892429828643799
0.2697591781616211
0.2863297462463379
0.30810999870300293
0.2842087745666504
0.31348180770874023
0.270766019821167
0.301699161529541
0.27806591987609863
0.2823052406311035
0.2994840145111084
0.29995107650756836
0.2887289524078369
0.30029797554016113
0.2934739589691162
0.2860682010650635
0.28620386123657227
0.2828030586242676
0.2670891284942627
0.3080759048461914
0.29444384574890137
0.2818276882171631
0.2952089309692383
0.27768492698669434
0.3012411594390869
0.2884049415588379
0.27649617195129395
0.2561931610107422
0.29880666732788086
0.2791101932525635
0.2930018901824951
0.2747170925140381
0.29732489585876465
0.2864518165588379
0.2717728614807129
0.2556631565093994
0.2743110656738281
0.2858560085296631
0.2722020149230957
0.2892630100250244
0.30091118812561035
0.2738170623779297
0.2871270179748535
0.2835359573364258
0.26975107192993164
0.2699699401855469
0.2823302745819092
0.281221866607666
0.278533935546875
0.2724721431732178
0.26093506813049316
0.28203296661376953
0.28919219970703125
0.27684617042541504
0.29155993461608887
0.2836911678314209
0.2720978260040283
0.30367326736450195
0.26424098014831543
0.24765396118164062
0.2639579772949219
0.27026796340942383
0.2933340072631836
0.2792932987213135
0.2914297580718994
0.26783275604248047
0.2947728633880615
0.26705408096313477
0.27557921409606934
0.30165982246398926
0.256695032119751
0.2761678695678711
0.26339006423950195
0.31282997131347656
0.27634692192077637
0.2800290584564209
0.2979428768157959
0.2717912197113037
0.25447702407836914
0.29033589363098145
0.3004319667816162
0.2568390369415283
0.2832376956939697
0.278670072555542
0.2591969966888428
0.261322021484375
0.26979923248291016
0.2851259708404541
0.3038053512573242
0.27421998977661133
0.2609670162200928
0.29886317253112793
0.2639031410217285
0.2977468967437744
0.29384684562683105
0.2641150951385498
0.3030080795288086
0.309614896774292
0.28311800956726074
0.28690671920776367
0.29314684867858887
0.29143691062927246
0.28208303451538086
0.2848048210144043
0.26410818099975586
0.245635986328125
0.2888298034667969
0.28638195991516113
0.279217004776001
0.2671351432800293
0.2810208797454834
0.2592930793762207
0.30745410919189453
0.2650620937347412
0.25992703437805176
0.2954378128051758
0.2866058349609375
0.2734410762786865
0.3031442165374756
0.2926621437072754
0.30260801315307617
0.2908937931060791
0.28218603134155273
0.29498910903930664
0.3085601329803467
0.27683496475219727
0.27408814430236816
0.26696276664733887
0.27074718475341797
0.3085620403289795
0.28445982933044434
0.2697460651397705
0.3075220584869385
0.27643609046936035
0.29134416580200195
0.29402995109558105
0.2918519973754883
0.2648651599884033
0.26825904846191406
0.2895691394805908
0.29236507415771484
0.3040738105773926
0.2688159942626953
0.2899320125579834
0.27704811096191406
0.2693140506744385
0.31000804901123047
0.2794201374053955
0.30168700218200684
0.28687596321105957
0.25817084312438965
0.2683866024017334
0.2601430416107178
0.2919783592224121
0.28609323501586914
0.25098180770874023
0.3100278377532959
0.2645580768585205
0.28257274627685547
0.2660531997680664
