0.011746406555175781
0.01398777961730957
0.013877391815185547
0.0142974853515625
0.014157772064208984
0.011438369750976562
0.015131711959838867
0.013623476028442383
0.014352560043334961
0.011438608169555664
0.014061212539672852
0.01427149772644043
0.014115095138549805
0.010606050491333008
0.012902498245239258
0.011126995086669922
0.01085042953491211
0.013833999633789062
0.014911413192749023
0.011679649353027344
0.01350092887878418
0.014090538024902344
0.011223316192626953
0.013747692108154297
0.011778116226196289
0.01393747329711914
0.02000594139099121
0.014072418212890625
0.018117189407348633
0.013984441757202148
0.01889824867248535
0.011056184768676758
0.02378678321838379
0.013677120208740234
0.012283086776733398
0.012858867645263672
0.012984752655029297
0.011086702346801758
0.012903213500976562
0.012831449508666992
0.010979413986206055
0.014110088348388672
0.01773548126220703
0.011731863021850586
0.014014482498168945
0.011276483535766602
0.018417835235595703
0.023749113082885742
0.014197826385498047
0.014772653579711914
0.011659860610961914
0.013945817947387695
0.012891054153442383
0.013413667678833008
0.013256072998046875
0.014000177383422852
0.010585308074951172
0.013495445251464844
0.012930154800415039
0.012873411178588867
0.013394355773925781
0.01426839828491211
0.010922908782958984
0.013288259506225586
0.01695108413696289
0.025398731231689453
0.01356959342956543
0.01121377944946289
0.010320186614990234
0.01512455940246582
0.012885570526123047
0.01327657699584961
0.011860370635986328
0.013262033462524414
0.011349678039550781
0.013268232345581055
0.013597965240478516
0.01448202133178711
0.014279603958129883
0.015578746795654297
0.01122903823852539
0.01344442367553711
0.013094663619995117
0.012937307357788086
0.013884782791137695
0.011162281036376953
0.013964176177978516
0.012644529342651367
0.012665510177612305
0.011088132858276367
0.013621807098388672
0.013276815414428711
0.013206720352172852
0.011206388473510742
0.013635873794555664
0.01300811767578125
0.012024879455566406
0.013746500015258789
0.014432191848754883
0.012221574783325195
