0.00731968879699707
0.011696815490722656
0.010295629501342773
0.010631322860717773
0.00941610336303711
0.007318019866943359
0.010109663009643555
0.009413957595825195
0.010632753372192383
0.010629415512084961
0.01080942153930664
0.010362625122070312
0.011107206344604492
0.013566970825195312
0.010755300521850586
0.00818324089050293
0.007739543914794922
0.00975656509399414
0.0103302001953125
0.007715940475463867
0.009781599044799805
0.010753393173217773
0.008004903793334961
0.009898900985717773
0.0072710514068603516
0.010199546813964844
0.009777069091796875
0.007599592208862305
0.015120267868041992
0.01068258285522461
0.010859966278076172
0.0074596405029296875
0.010508060455322266
0.011095046997070312
0.007540464401245117
0.011621475219726562
0.01018381118774414
0.007784366607666016
0.00983572006225586
0.009557008743286133
0.008547782897949219
0.010307550430297852
0.009818077087402344
0.008304834365844727
0.012942790985107422
0.007386684417724609
0.007964372634887695
0.010198354721069336
0.012508392333984375
0.010551929473876953
0.007795572280883789
0.010656595230102539
0.010362863540649414
0.008907079696655273
0.010830163955688477
0.010639429092407227
0.007482051849365234
0.010695219039916992
0.01013326644897461
0.007947206497192383
0.01054835319519043
0.007553815841674805
0.008560895919799805
0.010695934295654297
0.010245323181152344
0.0101318359375
0.01411581039428711
0.007714271545410156
0.007361412048339844
0.00982666015625
0.011314153671264648
0.007507801055908203
0.008487939834594727
0.010447263717651367
0.007222414016723633
0.009955167770385742
0.012311220169067383
0.010513544082641602
0.010490179061889648
0.010126829147338867
0.00948333740234375
0.010637521743774414
0.010128498077392578
0.014730215072631836
0.014498233795166016
0.011350870132446289
0.010756731033325195
0.010914802551269531
0.01092219352722168
0.008310079574584961
0.010676145553588867
0.010605335235595703
0.010294198989868164
0.007868051528930664
0.010107994079589844
0.011888742446899414
0.00791788101196289
0.009815454483032227
0.010671854019165039
0.0072057247161865234
