0.011121034622192383
0.013861894607543945
0.018134117126464844
0.013250112533569336
0.014617443084716797
0.011189937591552734
0.013157129287719727
0.013539552688598633
0.012709617614746094
0.010191917419433594
0.021946191787719727
0.013889074325561523
0.013809919357299805
0.010999917984008789
0.01365041732788086
0.010323286056518555
0.010802030563354492
0.01355290412902832
0.01532745361328125
0.019641876220703125
0.014106512069702148
0.019980669021606445
0.01830577850341797
0.014145374298095703
0.012638092041015625
0.01466822624206543
0.013386011123657227
0.010644912719726562
0.011159896850585938
0.013706445693969727
0.015108346939086914
0.01043248176574707
0.013776063919067383
0.01367044448852539
0.011238813400268555
0.012789487838745117
0.012435197830200195
0.010996103286743164
0.013474464416503906
0.013512372970581055
0.011064291000366211
0.012710809707641602
0.012840747833251953
0.010578632354736328
0.014323234558105469
0.011171579360961914
0.010292530059814453
0.013004541397094727
0.012940168380737305
0.013889551162719727
0.011907577514648438
0.014566659927368164
0.013144969940185547
0.01132512092590332
0.013438940048217773
0.014297246932983398
0.01697707176208496
0.014644861221313477
0.013260364532470703
0.01115727424621582
0.014173269271850586
0.011707782745361328
0.010147571563720703
0.012952089309692383
0.021824121475219727
0.013761758804321289
0.014056205749511719
0.01620173454284668
0.010498762130737305
0.014110803604125977
0.01410365104675293
0.01019906997680664
0.01016378402709961
0.01691293716430664
0.01043081283569336
0.014072656631469727
0.013056516647338867
0.019334077835083008
0.015187501907348633
0.013413429260253906
0.01093149185180664
0.01417231559753418
0.013635396957397461
0.014044046401977539
0.01916670799255371
0.011354446411132812
0.014775991439819336
0.013622283935546875
0.013723134994506836
0.010447025299072266
0.014356613159179688
0.013385772705078125
0.015469074249267578
0.011105060577392578
0.013411998748779297
0.013910055160522461
0.011263608932495117
0.013487100601196289
0.013657569885253906
0.010802745819091797
