0.00010776519775390625
4.076957702636719e-05
3.504753112792969e-05
4.100799560546875e-05
3.3855438232421875e-05
3.314018249511719e-05
3.337860107421875e-05
3.266334533691406e-05
3.266334533691406e-05
3.1948089599609375e-05
3.337860107421875e-05
3.147125244140625e-05
3.170967102050781e-05
3.147125244140625e-05
3.147125244140625e-05
3.170967102050781e-05
3.695487976074219e-05
3.24249267578125e-05
3.24249267578125e-05
3.147125244140625e-05
3.147125244140625e-05
3.409385681152344e-05
3.0994415283203125e-05
3.170967102050781e-05
3.1948089599609375e-05
3.1948089599609375e-05
3.170967102050781e-05
3.075599670410156e-05
3.0994415283203125e-05
3.695487976074219e-05
3.4332275390625e-05
3.361701965332031e-05
3.0517578125e-05
3.314018249511719e-05
3.0994415283203125e-05
3.0517578125e-05
3.0517578125e-05
3.0040740966796875e-05
3.0517578125e-05
3.0279159545898438e-05
3.123283386230469e-05
3.0279159545898438e-05
3.719329833984375e-05
3.0040740966796875e-05
3.0040740966796875e-05
3.910064697265625e-05
3.0279159545898438e-05
3.0279159545898438e-05
3.0040740966796875e-05
3.075599670410156e-05
3.0279159545898438e-05
3.147125244140625e-05
3.0517578125e-05
3.0994415283203125e-05
3.075599670410156e-05
3.6716461181640625e-05
3.409385681152344e-05
3.457069396972656e-05
3.409385681152344e-05
3.504753112792969e-05
3.3855438232421875e-05
4.1484832763671875e-05
3.4332275390625e-05
3.3855438232421875e-05
3.4332275390625e-05
3.504753112792969e-05
3.4332275390625e-05
3.457069396972656e-05
3.4332275390625e-05
3.457069396972656e-05
3.4809112548828125e-05
3.4332275390625e-05
3.457069396972656e-05
3.409385681152344e-05
3.504753112792969e-05
3.409385681152344e-05
3.409385681152344e-05
3.4809112548828125e-05
3.4332275390625e-05
3.4809112548828125e-05
3.361701965332031e-05
3.457069396972656e-05
3.4332275390625e-05
3.457069396972656e-05
3.4332275390625e-05
3.4332275390625e-05
3.409385681152344e-05
3.409385681152344e-05
3.4809112548828125e-05
3.4332275390625e-05
3.457069396972656e-05
3.4332275390625e-05
3.457069396972656e-05
3.409385681152344e-05
3.457069396972656e-05
3.504753112792969e-05
3.409385681152344e-05
3.528594970703125e-05
3.528594970703125e-05
3.4809112548828125e-05
