0.7580809593200684
0.014584064483642578
0.012915849685668945
0.061696529388427734
0.02352619171142578
0.011733293533325195
0.013022661209106445
0.012479066848754883
0.01409459114074707
0.010886907577514648
0.014048576354980469
0.013771533966064453
0.012673616409301758
0.0103759765625
0.01322174072265625
0.13836383819580078
0.13985252380371094
0.013673782348632812
0.013509273529052734
0.01131129264831543
0.014812231063842773
0.05232858657836914
0.012363672256469727
0.014226198196411133
0.011539220809936523
0.013039112091064453
0.012861490249633789
0.01062321662902832
0.010904073715209961
0.013004064559936523
0.014844417572021484
0.014937400817871094
0.013334512710571289
0.014161109924316406
0.012794256210327148
0.014727354049682617
0.01413726806640625
0.011970996856689453
0.015079259872436523
0.013988733291625977
0.01251530647277832
0.014047861099243164
0.024260520935058594
0.01698780059814453
0.013840198516845703
0.014658212661743164
0.012457609176635742
0.014946699142456055
0.01422119140625
0.013950347900390625
0.012462615966796875
0.015260934829711914
0.0144805908203125
0.01277923583984375
0.013669967651367188
0.013905525207519531
0.01221156120300293
0.015313148498535156
0.014089107513427734
0.012766838073730469
0.013081789016723633
0.0116424560546875
0.011211872100830078
0.013903617858886719
0.013941526412963867
0.013408899307250977
0.014019489288330078
0.012614965438842773
0.013051271438598633
0.015044212341308594
0.013287544250488281
0.011882305145263672
0.025199174880981445
0.013925313949584961
0.015810489654541016
0.013183832168579102
0.01283407211303711
0.013035058975219727
0.013779878616333008
0.013132095336914062
0.01241159439086914
0.014250516891479492
0.013006448745727539
0.01396036148071289
0.015490293502807617
0.011940479278564453
0.013618230819702148
0.015173196792602539
0.012363195419311523
0.010872125625610352
0.013462066650390625
0.013003110885620117
0.013053178787231445
0.010827302932739258
0.013436555862426758
0.013275623321533203
0.011885643005371094
0.01298213005065918
0.012947559356689453
0.012057065963745117
