0.7875454425811768
0.0189816951751709
0.014039754867553711
0.020855188369750977
0.01998138427734375
0.012093067169189453
0.024573087692260742
0.015409231185913086
0.014548301696777344
0.013959646224975586
0.01483011245727539
0.013304471969604492
0.013049840927124023
0.011287689208984375
0.012844085693359375
0.01100015640258789
0.01062917709350586
0.01249074935913086
0.013472795486450195
0.011499881744384766
0.013705730438232422
0.013446331024169922
0.012117147445678711
0.012770891189575195
0.010583639144897461
0.013554573059082031
0.013143539428710938
0.01105499267578125
0.010683059692382812
0.017244577407836914
0.012907981872558594
0.01150059700012207
0.02311563491821289
0.013403177261352539
0.010485410690307617
0.013155460357666016
0.02072596549987793
0.010894775390625
0.014059782028198242
0.012940406799316406
0.010627508163452148
0.012983083724975586
0.012922525405883789
0.01102900505065918
0.01313161849975586
0.010863780975341797
0.010126113891601562
0.012806415557861328
0.017829179763793945
0.01775979995727539
0.012253046035766602
0.013240575790405273
0.012700319290161133
0.012480974197387695
0.01317286491394043
0.019925594329833984
0.011092662811279297
0.10939836502075195
0.02162456512451172
0.011870384216308594
0.013661384582519531
0.012006044387817383
0.010598182678222656
0.013162851333618164
0.021435260772705078
0.013068914413452148
0.01930403709411621
0.010823488235473633
0.01242375373840332
0.02078843116760254
0.015147209167480469
0.011445760726928711
0.013661384582519531
0.01387166976928711
0.011220932006835938
0.01873922348022461
0.013839006423950195
0.020183086395263672
0.021202564239501953
0.01443028450012207
0.010742902755737305
0.020472288131713867
0.013324737548828125
0.09194469451904297
0.022716760635375977
0.010697126388549805
0.01490020751953125
0.01265406608581543
0.012107372283935547
0.010291576385498047
0.012853145599365234
0.014898300170898438
0.01696610450744629
0.01102757453918457
0.012901544570922852
0.013312816619873047
0.010305643081665039
0.01415252685546875
0.01367807388305664
0.009998798370361328
