0.013058900833129883
0.014178276062011719
0.013403892517089844
0.015771150588989258
0.015158414840698242
0.016713380813598633
0.013696908950805664
0.014199972152709961
0.013921976089477539
0.011434793472290039
0.013707399368286133
0.012702226638793945
0.01357722282409668
0.010612964630126953
0.013317584991455078
0.011548280715942383
0.01672053337097168
0.0182039737701416
0.01519465446472168
0.013017654418945312
0.013220548629760742
0.02693653106689453
0.011316776275634766
0.015601396560668945
0.011088371276855469
0.01296854019165039
0.012560367584228516
0.010643720626831055
0.015211105346679688
0.013494253158569336
0.018223047256469727
0.011437654495239258
0.013969659805297852
0.01371145248413086
0.010863780975341797
0.013098716735839844
0.013052701950073242
0.010596036911010742
0.013874053955078125
0.0311887264251709
0.011078596115112305
0.013727188110351562
0.01334834098815918
0.011011838912963867
0.013461112976074219
0.01008749008178711
0.010709524154663086
0.013578176498413086
0.013219833374023438
0.014024496078491211
0.011451959609985352
0.029813051223754883
0.014170169830322266
0.016062498092651367
0.012922286987304688
0.015249967575073242
0.010416984558105469
0.014207601547241211
0.014092206954956055
0.011133670806884766
0.01246786117553711
0.010921955108642578
0.010889053344726562
0.012897253036499023
0.015703678131103516
0.013227224349975586
0.015375137329101562
0.011329174041748047
0.011266708374023438
0.017197847366333008
0.014289379119873047
0.021000146865844727
0.011643648147583008
0.013437032699584961
0.010451555252075195
0.014233112335205078
0.013177156448364258
0.014796972274780273
0.013735294342041016
0.012272834777832031
0.011511802673339844
0.013257980346679688
0.01361227035522461
0.01386570930480957
0.014641046524047852
0.011551141738891602
0.020447969436645508
0.014241933822631836
0.012948989868164062
0.01475071907043457
0.0156862735748291
0.012433767318725586
0.013782262802124023
0.011001348495483398
0.013233184814453125
0.01449728012084961
0.010942935943603516
0.016637086868286133
0.014337539672851562
0.014147758483886719
