0.00011301040649414062
4.744529724121094e-05
3.600120544433594e-05
6.937980651855469e-05
3.4809112548828125e-05
3.9577484130859375e-05
3.2901763916015625e-05
4.076957702636719e-05
3.2901763916015625e-05
3.314018249511719e-05
3.337860107421875e-05
3.314018249511719e-05
3.314018249511719e-05
3.3855438232421875e-05
3.2901763916015625e-05
3.361701965332031e-05
3.2901763916015625e-05
3.2901763916015625e-05
3.2901763916015625e-05
3.2901763916015625e-05
3.8623809814453125e-05
3.218650817871094e-05
3.218650817871094e-05
3.24249267578125e-05
3.1948089599609375e-05
3.457069396972656e-05
3.4332275390625e-05
3.075599670410156e-05
3.1948089599609375e-05
3.0994415283203125e-05
3.075599670410156e-05
3.147125244140625e-05
3.123283386230469e-05
4.0531158447265625e-05
3.4332275390625e-05
3.743171691894531e-05
3.337860107421875e-05
3.0994415283203125e-05
3.123283386230469e-05
3.147125244140625e-05
3.147125244140625e-05
3.24249267578125e-05
3.170967102050781e-05
3.147125244140625e-05
3.123283386230469e-05
3.123283386230469e-05
3.790855407714844e-05
3.075599670410156e-05
3.123283386230469e-05
3.075599670410156e-05
3.0994415283203125e-05
3.0994415283203125e-05
3.0517578125e-05
3.075599670410156e-05
3.075599670410156e-05
3.0994415283203125e-05
3.0994415283203125e-05
3.0279159545898438e-05
3.0994415283203125e-05
3.147125244140625e-05
3.170967102050781e-05
3.218650817871094e-05
3.170967102050781e-05
3.1948089599609375e-05
3.147125244140625e-05
3.147125244140625e-05
3.0994415283203125e-05
3.266334533691406e-05
3.147125244140625e-05
3.218650817871094e-05
3.147125244140625e-05
3.147125244140625e-05
3.147125244140625e-05
3.170967102050781e-05
3.147125244140625e-05
3.0994415283203125e-05
3.075599670410156e-05
3.0517578125e-05
3.075599670410156e-05
3.4809112548828125e-05
3.218650817871094e-05
3.218650817871094e-05
3.1948089599609375e-05
3.147125244140625e-05
3.170967102050781e-05
3.147125244140625e-05
3.147125244140625e-05
3.147125244140625e-05
3.123283386230469e-05
3.123283386230469e-05
3.409385681152344e-05
3.1948089599609375e-05
3.1948089599609375e-05
0.00011277198791503906
3.266334533691406e-05
3.218650817871094e-05
3.266334533691406e-05
3.314018249511719e-05
3.170967102050781e-05
3.0994415283203125e-05
