0.05014491081237793
0.8976447582244873
0.013713836669921875
0.059452056884765625
0.020648956298828125
0.013599395751953125
0.013996601104736328
0.014084577560424805
0.013793230056762695
0.011458635330200195
0.02429938316345215
0.06180381774902344
0.013769865036010742
0.011475801467895508
0.012677907943725586
0.011654138565063477
0.010993480682373047
0.013659238815307617
0.01298069953918457
0.011360406875610352
0.013062715530395508
0.013465404510498047
0.011334419250488281
0.013617753982543945
0.010535240173339844
0.0186617374420166
0.06001925468444824
0.011806249618530273
0.010952234268188477
0.0139007568359375
0.012794256210327148
0.011190414428710938
0.013202667236328125
0.013152599334716797
0.011507749557495117
0.012983083724975586
0.012797355651855469
0.01196146011352539
0.013744831085205078
0.013782262802124023
0.011072874069213867
0.01285243034362793
0.012995004653930664
0.013449907302856445
0.013187885284423828
0.013344287872314453
0.011084318161010742
0.012816667556762695
0.012248516082763672
0.013555288314819336
0.07172513008117676
0.057839393615722656
0.013443231582641602
0.01202702522277832
0.012970447540283203
0.015276432037353516
0.010229110717773438
0.013217449188232422
0.012825489044189453
0.011260271072387695
0.013206958770751953
0.014419317245483398
0.017209768295288086
0.01267385482788086
0.015956878662109375
0.013895511627197266
0.01494741439819336
0.011039257049560547
0.011153697967529297
0.026336669921875
0.014414310455322266
0.012591838836669922
0.014958858489990234
0.01309657096862793
0.013561487197875977
0.014131546020507812
0.012134790420532227
0.014600753784179688
0.015116214752197266
0.013220071792602539
0.023177146911621094
0.025508880615234375
0.012969732284545898
0.01628565788269043
0.014708280563354492
0.011115789413452148
0.014532089233398438
0.012301921844482422
0.013473749160766602
0.01893138885498047
0.014906883239746094
0.01350545883178711
0.015284299850463867
0.011902809143066406
0.013383150100708008
0.015015840530395508
0.011387825012207031
0.01976180076599121
0.01549673080444336
0.011413097381591797
