0.007967472076416016
0.013131856918334961
0.017996549606323242
0.008084297180175781
0.010174989700317383
0.008689641952514648
0.007723331451416016
0.011653900146484375
0.010394811630249023
0.00810098648071289
0.0072917938232421875
0.009743452072143555
0.009902238845825195
0.009734869003295898
0.010267972946166992
0.011442422866821289
0.01053476333618164
0.009800434112548828
0.010211467742919922
0.0117340087890625
0.010012388229370117
0.010436058044433594
0.008109569549560547
0.010170459747314453
0.008015155792236328
0.011439323425292969
0.010001182556152344
0.00807499885559082
0.0075109004974365234
0.01047968864440918
0.010299921035766602
0.008821964263916016
0.008010387420654297
0.015075206756591797
0.007999181747436523
0.010447263717651367
0.010961055755615234
0.008570671081542969
0.007795810699462891
0.010167121887207031
0.007888555526733398
0.012506484985351562
0.011652708053588867
0.00857090950012207
0.012148618698120117
0.008087396621704102
0.007916688919067383
0.010002851486206055
0.010534286499023438
0.008029699325561523
0.007671356201171875
0.012824535369873047
0.013549566268920898
0.009129762649536133
0.01127314567565918
0.007927179336547852
0.008109331130981445
0.010880470275878906
0.01041102409362793
0.011561870574951172
0.01650238037109375
0.01528787612915039
0.008229970932006836
0.01286458969116211
0.008663654327392578
0.009700536727905273
0.011081218719482422
0.007895946502685547
0.007588863372802734
0.009901285171508789
0.009637594223022461
0.0077953338623046875
0.007198333740234375
0.018241167068481445
0.008459091186523438
0.00963282585144043
0.016170263290405273
0.007223367691040039
0.007920980453491211
0.012287378311157227
0.008408069610595703
0.010170459747314453
0.01140737533569336
0.013573408126831055
0.010444164276123047
0.007945775985717773
0.007708549499511719
0.00954437255859375
0.010330438613891602
0.007834434509277344
0.00833439826965332
0.010895967483520508
0.010263204574584961
0.008583545684814453
0.01100301742553711
0.008112192153930664
0.008080005645751953
0.011436939239501953
0.01065516471862793
0.008211135864257812
