0.007090568542480469
0.019374847412109375
0.011565208435058594
0.010483980178833008
0.010276079177856445
0.007054567337036133
0.009858846664428711
0.009109735488891602
0.01267862319946289
0.007203578948974609
0.01061105728149414
0.010697603225708008
0.009599685668945312
0.0072231292724609375
0.009255409240722656
0.007404804229736328
0.007766246795654297
0.009199380874633789
0.009920358657836914
0.007222175598144531
0.009510993957519531
0.009958267211914062
0.0071239471435546875
0.010285139083862305
0.007536411285400391
0.00975346565246582
0.009066581726074219
0.007441997528076172
0.007447242736816406
0.010323524475097656
0.010260581970214844
0.0069637298583984375
0.010007858276367188
0.009670257568359375
0.0070858001708984375
0.009152650833129883
0.009967803955078125
0.007737874984741211
0.010151386260986328
0.00958704948425293
0.008158683776855469
0.009573221206665039
0.00972890853881836
0.007461071014404297
0.009653329849243164
0.007391452789306641
0.007456541061401367
0.009418725967407227
0.00948476791381836
0.011113643646240234
0.014041423797607422
0.009892463684082031
0.009232282638549805
0.0069005489349365234
0.009196281433105469
0.010380268096923828
0.007204532623291016
0.010324478149414062
0.009414434432983398
0.0067560672760009766
0.00898432731628418
0.006636381149291992
0.00695347785949707
0.009596824645996094
0.020873069763183594
0.009584665298461914
0.011268854141235352
0.007607698440551758
0.00725555419921875
0.011352777481079102
0.009566783905029297
0.007011890411376953
0.007400989532470703
0.009094715118408203
0.00693202018737793
0.010225534439086914
0.009356021881103516
0.010862112045288086
0.01076960563659668
0.009669065475463867
0.0074918270111083984
0.010488748550415039
0.009603500366210938
0.012928962707519531
0.010169506072998047
0.007305145263671875
0.009807586669921875
0.00986170768737793
0.009352922439575195
0.007455587387084961
0.009936332702636719
0.010316133499145508
0.010170459747314453
0.017365694046020508
0.01854872703552246
0.021687746047973633
0.00783085823059082
0.011561870574951172
0.009873628616333008
0.007185935974121094
