0.0001850128173828125
8.320808410644531e-05
7.963180541992188e-05
7.891654968261719e-05
7.772445678710938e-05
7.677078247070312e-05
7.62939453125e-05
7.510185241699219e-05
7.462501525878906e-05
7.653236389160156e-05
7.557868957519531e-05
7.486343383789062e-05
7.724761962890625e-05
7.62939453125e-05
7.62939453125e-05
7.534027099609375e-05
7.700920104980469e-05
7.605552673339844e-05
7.605552673339844e-05
7.510185241699219e-05
7.486343383789062e-05
7.43865966796875e-05
7.534027099609375e-05
7.462501525878906e-05
7.843971252441406e-05
8.606910705566406e-05
8.130073547363281e-05
7.867813110351562e-05
8.58306884765625e-05
7.82012939453125e-05
7.772445678710938e-05
7.82012939453125e-05
7.796287536621094e-05
7.891654968261719e-05
7.939338684082031e-05
7.939338684082031e-05
0.0001437664031982422
7.82012939453125e-05
7.796287536621094e-05
0.00010800361633300781
7.939338684082031e-05
7.82012939453125e-05
7.748603820800781e-05
7.963180541992188e-05
7.867813110351562e-05
7.748603820800781e-05
7.82012939453125e-05
8.606910705566406e-05
7.748603820800781e-05
7.724761962890625e-05
7.82012939453125e-05
7.82012939453125e-05
7.796287536621094e-05
7.867813110351562e-05
7.891654968261719e-05
7.748603820800781e-05
7.82012939453125e-05
7.915496826171875e-05
7.724761962890625e-05
7.82012939453125e-05
7.843971252441406e-05
7.891654968261719e-05
8.034706115722656e-05
7.867813110351562e-05
7.867813110351562e-05
7.82012939453125e-05
7.796287536621094e-05
7.82012939453125e-05
7.939338684082031e-05
7.915496826171875e-05
7.891654968261719e-05
8.392333984375e-05
7.772445678710938e-05
7.724761962890625e-05
7.82012939453125e-05
7.867813110351562e-05
7.915496826171875e-05
7.867813110351562e-05
7.796287536621094e-05
7.724761962890625e-05
7.700920104980469e-05
7.939338684082031e-05
7.772445678710938e-05
7.82012939453125e-05
7.82012939453125e-05
7.867813110351562e-05
7.843971252441406e-05
7.867813110351562e-05
7.82012939453125e-05
7.843971252441406e-05
8.249282836914062e-05
7.772445678710938e-05
7.772445678710938e-05
7.939338684082031e-05
7.843971252441406e-05
8.535385131835938e-05
7.867813110351562e-05
7.796287536621094e-05
7.677078247070312e-05
7.772445678710938e-05
