0.00727391242980957
0.009164810180664062
0.009695053100585938
0.00687718391418457
0.00947713851928711
0.007437944412231445
0.007509469985961914
0.010365486145019531
0.009265661239624023
0.007415294647216797
0.007259845733642578
0.00958395004272461
0.009549856185913086
0.007211208343505859
0.009522676467895508
0.007901668548583984
0.007460832595825195
0.010154485702514648
0.010148763656616211
0.007703065872192383
0.010131597518920898
0.007654905319213867
0.00751185417175293
0.009848594665527344
0.0066149234771728516
0.010831594467163086
0.009349584579467773
0.007535457611083984
0.007925987243652344
0.009574174880981445
0.009928703308105469
0.0078122615814208984
0.0072133541107177734
0.009882926940917969
0.007839679718017578
0.009266853332519531
0.009457588195800781
0.00793600082397461
0.007048845291137695
0.00940251350402832
0.007232666015625
0.014426946640014648
0.01160573959350586
0.0074443817138671875
0.00944828987121582
0.012064218521118164
0.009295225143432617
0.012380361557006836
0.010092735290527344
0.0070111751556396484
0.007683992385864258
0.008982181549072266
0.009543895721435547
0.007469892501831055
0.009477853775024414
0.006735086441040039
0.006992816925048828
0.009849071502685547
0.01015782356262207
0.007973432540893555
0.00910329818725586
0.007715702056884766
0.0074083805084228516
0.00966954231262207
0.007226705551147461
0.008933544158935547
0.009001016616821289
0.0074656009674072266
0.006752490997314453
0.010074615478515625
0.009732484817504883
0.007129669189453125
0.007022380828857422
0.009603261947631836
0.007386207580566406
0.008350849151611328
0.009083271026611328
0.0068285465240478516
0.0069162845611572266
0.009531974792480469
0.006937265396118164
0.009892940521240234
0.009140729904174805
0.007666587829589844
0.010155677795410156
0.0071659088134765625
0.006852388381958008
0.009654521942138672
0.009423255920410156
0.007926702499389648
0.0073394775390625
0.010149240493774414
0.01053476333618164
0.007551431655883789
0.009750604629516602
0.00751805305480957
0.0071446895599365234
0.009317636489868164
0.00971674919128418
0.007370471954345703
