0.012972593307495117
0.014179468154907227
0.014240741729736328
0.014894247055053711
0.013734102249145508
0.010928869247436523
0.01416158676147461
0.013230562210083008
0.012708902359008789
0.010827302932739258
0.015047073364257812
0.012511014938354492
0.01791524887084961
0.015343189239501953
0.014634370803833008
0.01101827621459961
0.010854959487915039
0.013164758682250977
0.013687610626220703
0.011939048767089844
0.01230478286743164
0.014483928680419922
0.011406421661376953
0.013202190399169922
0.012459278106689453
0.013638973236083984
0.014154911041259766
0.011995077133178711
0.011469364166259766
0.014329910278320312
0.01383662223815918
0.010760784149169922
0.015404939651489258
0.014216899871826172
0.011439323425292969
0.013554573059082031
0.013496637344360352
0.011176824569702148
0.015519857406616211
0.01376652717590332
0.011310338973999023
0.012686491012573242
0.01233363151550293
0.011306524276733398
0.013167619705200195
0.012480974197387695
0.012330055236816406
0.01331782341003418
0.013645648956298828
0.012928962707519531
0.01183462142944336
0.012830018997192383
0.013279914855957031
0.012239217758178711
0.012733221054077148
0.015112161636352539
0.011305570602416992
0.013599395751953125
0.01479649543762207
0.016338586807250977
0.013916254043579102
0.012248754501342773
0.012855768203735352
0.01261138916015625
0.013044357299804688
0.01370692253112793
0.01525425910949707
0.012014389038085938
0.01235055923461914
0.014742136001586914
0.013197660446166992
0.013379812240600586
0.012396812438964844
0.013590812683105469
0.011465311050415039
0.014506101608276367
0.013010501861572266
0.014272212982177734
0.014242410659790039
0.014352083206176758
0.013202667236328125
0.014369010925292969
0.013968229293823242
0.014178991317749023
0.014363527297973633
0.011555194854736328
0.01530146598815918
0.017662763595581055
0.014397859573364258
0.010983943939208984
0.016941070556640625
0.013723373413085938
0.014403820037841797
0.012099027633666992
0.01332402229309082
0.015564203262329102
0.011566400527954102
0.013796806335449219
0.013866662979125977
0.012496232986450195
