0.000171661376953125
8.559226989746094e-05
7.581710815429688e-05
7.462501525878906e-05
7.557868957519531e-05
7.319450378417969e-05
7.891654968261719e-05
7.152557373046875e-05
7.104873657226562e-05
7.176399230957031e-05
7.05718994140625e-05
7.605552673339844e-05
7.104873657226562e-05
7.104873657226562e-05
7.176399230957031e-05
7.772445678710938e-05
7.033348083496094e-05
7.128715515136719e-05
0.000118255615234375
7.62939453125e-05
7.2479248046875e-05
7.176399230957031e-05
7.224082946777344e-05
7.033348083496094e-05
7.05718994140625e-05
7.009506225585938e-05
0.00014090538024902344
7.200241088867188e-05
7.724761962890625e-05
7.081031799316406e-05
7.176399230957031e-05
7.104873657226562e-05
7.05718994140625e-05
7.200241088867188e-05
7.128715515136719e-05
7.104873657226562e-05
7.176399230957031e-05
7.081031799316406e-05
7.009506225585938e-05
7.081031799316406e-05
7.176399230957031e-05
6.985664367675781e-05
7.581710815429688e-05
7.224082946777344e-05
7.104873657226562e-05
7.557868957519531e-05
7.05718994140625e-05
7.152557373046875e-05
0.00010347366333007812
7.104873657226562e-05
7.176399230957031e-05
6.961822509765625e-05
7.128715515136719e-05
7.152557373046875e-05
7.128715515136719e-05
7.081031799316406e-05
7.009506225585938e-05
7.200241088867188e-05
7.748603820800781e-05
7.081031799316406e-05
7.033348083496094e-05
6.961822509765625e-05
7.05718994140625e-05
9.989738464355469e-05
7.224082946777344e-05
6.985664367675781e-05
7.200241088867188e-05
7.176399230957031e-05
7.152557373046875e-05
7.414817810058594e-05
7.152557373046875e-05
7.152557373046875e-05
7.081031799316406e-05
7.176399230957031e-05
7.104873657226562e-05
7.009506225585938e-05
6.985664367675781e-05
7.033348083496094e-05
9.775161743164062e-05
7.2479248046875e-05
7.176399230957031e-05
7.033348083496094e-05
7.009506225585938e-05
7.033348083496094e-05
7.748603820800781e-05
7.152557373046875e-05
7.176399230957031e-05
7.128715515136719e-05
7.104873657226562e-05
7.128715515136719e-05
7.510185241699219e-05
8.058547973632812e-05
7.390975952148438e-05
9.417533874511719e-05
7.43865966796875e-05
7.390975952148438e-05
7.486343383789062e-05
7.557868957519531e-05
7.43865966796875e-05
7.43865966796875e-05
