0.011516094207763672
0.026257753372192383
0.01398015022277832
0.014793634414672852
0.015543222427368164
0.011329174041748047
0.014982461929321289
0.014237165451049805
0.013546466827392578
0.011854171752929688
0.01479339599609375
0.015739917755126953
0.014037609100341797
0.012756586074829102
0.014151811599731445
0.014308929443359375
0.01117849349975586
0.016212940216064453
0.01444244384765625
0.01148366928100586
0.013824939727783203
0.01697230339050293
0.011154413223266602
0.013772010803222656
0.011755943298339844
0.01373744010925293
0.014348983764648438
0.012671232223510742
0.01105356216430664
0.019907474517822266
0.013965845108032227
0.014602899551391602
0.01363825798034668
0.015221357345581055
0.01343989372253418
0.01418924331665039
0.02551555633544922
0.011820316314697266
0.014950275421142578
0.014165878295898438
0.011072635650634766
0.013924837112426758
0.013190031051635742
0.012485265731811523
0.014339208602905273
0.019580841064453125
0.011254549026489258
0.013296842575073242
0.013312339782714844
0.014190435409545898
0.011345863342285156
0.013439416885375977
0.014001846313476562
0.011987924575805664
0.012949943542480469
0.015241861343383789
0.012543201446533203
0.013343572616577148
0.01694464683532715
0.012299299240112305
0.015152692794799805
0.022308826446533203
0.020916461944580078
0.01334691047668457
0.016041040420532227
0.04447817802429199
0.015101909637451172
0.012675762176513672
0.011447429656982422
0.01417231559753418
0.014113187789916992
0.021877288818359375
0.011944770812988281
0.014156103134155273
0.015430927276611328
0.014668703079223633
0.014176607131958008
0.014921188354492188
0.018535137176513672
0.016818761825561523
0.023230791091918945
0.02309560775756836
0.01399087905883789
0.020765304565429688
0.019202232360839844
0.01212763786315918
0.013300657272338867
0.016617536544799805
0.014064311981201172
0.012009620666503906
0.013959646224975586
0.014331340789794922
0.014433860778808594
0.032811641693115234
0.014795064926147461
0.013981103897094727
0.012412071228027344
0.014918088912963867
0.013417482376098633
0.011693239212036133
