0.012053489685058594
0.014090776443481445
0.01404881477355957
0.014074563980102539
0.012913227081298828
0.011505842208862305
0.013913393020629883
0.012933969497680664
0.01831960678100586
0.014582395553588867
0.012469291687011719
0.014667749404907227
0.012932538986206055
0.0287015438079834
0.012912511825561523
0.010671615600585938
0.011744976043701172
0.012329816818237305
0.013471364974975586
0.011461734771728516
0.013252019882202148
0.014647483825683594
0.014614343643188477
0.01419687271118164
0.023597240447998047
0.014570951461791992
0.012941360473632812
0.011016607284545898
0.010699748992919922
0.014409065246582031
0.01308441162109375
0.016819000244140625
0.014273643493652344
0.013940811157226562
0.012270212173461914
0.013325691223144531
0.01387643814086914
0.011229753494262695
0.014153480529785156
0.013874530792236328
0.01099705696105957
0.012759685516357422
0.01438283920288086
0.01117849349975586
0.01257634162902832
0.011823654174804688
0.012304544448852539
0.013602733612060547
0.013880491256713867
0.01512598991394043
0.016607999801635742
0.013562440872192383
0.012470006942749023
0.011567354202270508
0.012664318084716797
0.013431787490844727
0.012430191040039062
0.014673471450805664
0.019097566604614258
0.011560678482055664
0.013474464416503906
0.012199640274047852
0.012182474136352539
0.017229318618774414
0.016973018646240234
0.013707876205444336
0.013854742050170898
0.011509418487548828
0.010706663131713867
0.013499259948730469
0.013307571411132812
0.019847393035888672
0.011378049850463867
0.013504505157470703
0.011105537414550781
0.013895511627197266
0.014415979385375977
0.013586997985839844
0.014246463775634766
0.014699697494506836
0.011677742004394531
0.024991989135742188
0.013216733932495117
0.01306295394897461
0.013286828994750977
0.0111846923828125
0.014010190963745117
0.013387918472290039
0.013391494750976562
0.012590885162353516
0.014608144760131836
0.013337135314941406
0.014210700988769531
0.011516094207763672
0.013228416442871094
0.013267040252685547
0.015710830688476562
0.015160799026489258
0.013327360153198242
0.012004852294921875
