0.00828242301940918
0.010075807571411133
0.009593963623046875
0.007920026779174805
0.009786367416381836
0.009940385818481445
0.0076792240142822266
0.010680913925170898
0.010327577590942383
0.007912635803222656
0.0075533390045166016
0.010532140731811523
0.009723901748657227
0.007213115692138672
0.009547233581542969
0.007737874984741211
0.007105588912963867
0.009714841842651367
0.010363578796386719
0.012571334838867188
0.010560035705566406
0.007670164108276367
0.00730133056640625
0.010228872299194336
0.007327556610107422
0.00953364372253418
0.009551286697387695
0.007324695587158203
0.007293224334716797
0.010317802429199219
0.015618085861206055
0.007096529006958008
0.007303714752197266
0.009826898574829102
0.007516384124755859
0.010566473007202148
0.009243011474609375
0.0071451663970947266
0.007846832275390625
0.010004997253417969
0.007175445556640625
0.009723186492919922
0.009677886962890625
0.007489919662475586
0.009473562240600586
0.007711887359619141
0.007355690002441406
0.009334325790405273
0.0101776123046875
0.00753474235534668
0.007666587829589844
0.009652376174926758
0.009687185287475586
0.0072171688079833984
0.009476661682128906
0.007887125015258789
0.007390022277832031
0.010092735290527344
0.009696006774902344
0.008101940155029297
0.009473085403442383
0.007376194000244141
0.007282257080078125
0.011341094970703125
0.0076711177825927734
0.009521484375
0.009886503219604492
0.00786900520324707
0.007659196853637695
0.009532928466796875
0.009854793548583984
0.02095508575439453
0.008001089096069336
0.009066343307495117
0.007433891296386719
0.010158300399780273
0.010078907012939453
0.007632255554199219
0.00734257698059082
0.010009288787841797
0.007483482360839844
0.010105133056640625
0.010076284408569336
0.009818077087402344
0.016823768615722656
0.007314920425415039
0.007566690444946289
0.009612321853637695
0.010251045227050781
0.0071353912353515625
0.008307456970214844
0.010473251342773438
0.010109901428222656
0.00801706314086914
0.00997018814086914
0.007325649261474609
0.007823705673217773
0.010048866271972656
0.010598897933959961
0.023253917694091797
