0.0478215217590332
0.5860593318939209
0.07227039337158203
0.015450000762939453
0.013411521911621094
0.1109914779663086
0.013260602951049805
0.013129234313964844
0.012463808059692383
0.010848045349121094
0.014005661010742188
0.013912439346313477
0.013380289077758789
0.011870861053466797
0.01338958740234375
0.011469602584838867
0.010690450668334961
0.013904809951782227
0.013360977172851562
0.011414766311645508
0.013300657272338867
0.013960838317871094
0.011521577835083008
0.013575553894042969
0.010233163833618164
0.013492107391357422
0.028705596923828125
0.011151313781738281
0.011654853820800781
0.013200044631958008
0.013664960861206055
0.010525703430175781
0.012933731079101562
0.01329183578491211
0.010190248489379883
0.012770891189575195
0.012505531311035156
0.010825395584106445
0.013607263565063477
0.014219522476196289
0.011729240417480469
0.012602567672729492
0.01398324966430664
0.010813474655151367
0.012868404388427734
0.012724637985229492
0.009854555130004883
0.012790441513061523
0.012483835220336914
0.013027667999267578
0.010297775268554688
0.012639522552490234
0.013036012649536133
0.010712146759033203
0.013055086135864258
0.012508153915405273
0.010650157928466797
0.013173103332519531
0.024969100952148438
0.010832071304321289
0.014345407485961914
0.010297775268554688
0.01083517074584961
0.01226496696472168
0.012787342071533203
0.01230621337890625
0.013077735900878906
0.016499996185302734
0.010676145553588867
0.012626171112060547
0.014176607131958008
0.01013803482055664
0.011191368103027344
0.014529943466186523
0.011996746063232422
0.013262271881103516
0.013929367065429688
0.01405191421508789
0.013041019439697266
0.013499021530151367
0.012273073196411133
0.014026165008544922
0.014316797256469727
0.013408899307250977
0.012542724609375
0.010589838027954102
0.012909412384033203
0.013985157012939453
0.014195919036865234
0.010678768157958984
0.013672590255737305
0.01319265365600586
0.013057947158813477
0.010903596878051758
0.012998819351196289
0.013540506362915039
0.010952234268188477
0.01351785659790039
0.012843608856201172
0.010225534439086914
