0.0078067779541015625
0.010092020034790039
0.009655475616455078
0.007459402084350586
0.009723663330078125
0.0076847076416015625
0.007548332214355469
0.009793996810913086
0.009562492370605469
0.0072977542877197266
0.0071256160736083984
0.009822368621826172
0.009580850601196289
0.007309913635253906
0.009009838104248047
0.0070073604583740234
0.007190227508544922
0.009493589401245117
0.009406089782714844
0.008184194564819336
0.009500741958618164
0.007791757583618164
0.00705265998840332
0.009464502334594727
0.007623434066772461
0.00954747200012207
0.00932765007019043
0.007227420806884766
0.006817817687988281
0.009634256362915039
0.00920248031616211
0.007405519485473633
0.007565021514892578
0.009539127349853516
0.006918430328369141
0.009215354919433594
0.010115623474121094
0.006937503814697266
0.007228374481201172
0.010698080062866211
0.007481098175048828
0.00977182388305664
0.009671926498413086
0.006851911544799805
0.009857654571533203
0.007166147232055664
0.007538795471191406
0.009915828704833984
0.009253263473510742
0.007322788238525391
0.007530689239501953
0.009881019592285156
0.009766817092895508
0.007080078125
0.01034235954284668
0.007237911224365234
0.007860422134399414
0.017348289489746094
0.010716676712036133
0.007823705673217773
0.009117603302001953
0.007130622863769531
0.007537126541137695
0.0098114013671875
0.007284879684448242
0.009871959686279297
0.009374141693115234
0.00816965103149414
0.00735163688659668
0.012981891632080078
0.010204792022705078
0.007646083831787109
0.007154941558837891
0.0099639892578125
0.007341861724853516
0.009886980056762695
0.010788202285766602
0.008489608764648438
0.0073223114013671875
0.011088371276855469
0.007475137710571289
0.010730266571044922
0.010104656219482422
0.007848024368286133
0.010126113891601562
0.0072021484375
0.007148027420043945
0.009469270706176758
0.009985685348510742
0.00703740119934082
0.0070493221282958984
0.021332263946533203
0.010089874267578125
0.007962465286254883
0.010632753372192383
0.0074884891510009766
0.007349967956542969
0.009768962860107422
0.009829044342041016
0.007391452789306641
