0.0072917938232421875
0.009070873260498047
0.010020971298217773
0.010002851486206055
0.010173797607421875
0.006880998611450195
0.010299205780029297
0.009518623352050781
0.009558677673339844
0.007158994674682617
0.009818792343139648
0.009936809539794922
0.009548664093017578
0.007115840911865234
0.009593486785888672
0.007027864456176758
0.007399559020996094
0.00963282585144043
0.010121345520019531
0.0071675777435302734
0.012256622314453125
0.010108470916748047
0.007626771926879883
0.009687423706054688
0.007602214813232422
0.009485721588134766
0.009546995162963867
0.007339000701904297
0.007520914077758789
0.009978294372558594
0.009911060333251953
0.0077056884765625
0.010720491409301758
0.009871244430541992
0.00753021240234375
0.009993791580200195
0.009804248809814453
0.007543325424194336
0.010462522506713867
0.010045051574707031
0.007147312164306641
0.009602785110473633
0.009746313095092773
0.0075838565826416016
0.00933694839477539
0.00756382942199707
0.0074803829193115234
0.009917497634887695
0.009330034255981445
0.009860754013061523
0.00693058967590332
0.009923696517944336
0.009351015090942383
0.007390499114990234
0.009237051010131836
0.009647130966186523
0.019778013229370117
0.009796619415283203
0.00981283187866211
0.007134675979614258
0.009529352188110352
0.007536411285400391
0.00698089599609375
0.009365558624267578
0.010313749313354492
0.00959634780883789
0.00941014289855957
0.007460594177246094
0.006884574890136719
0.010498762130737305
0.009625434875488281
0.019324064254760742
0.007788658142089844
0.01219630241394043
0.006814718246459961
0.01022648811340332
0.008803129196166992
0.00982046127319336
0.009622812271118164
0.00999760627746582
0.007119655609130859
0.009261846542358398
0.00975489616394043
0.009719371795654297
0.02403092384338379
0.007172107696533203
0.00998830795288086
0.009617090225219727
0.00929117202758789
0.007009267807006836
0.009799718856811523
0.00978398323059082
0.00954747200012207
0.017499446868896484
0.00972747802734375
0.009471416473388672
0.0069980621337890625
0.00976252555847168
0.009242773056030273
0.007599830627441406
