0.015006065368652344
0.015587329864501953
0.014414072036743164
0.02117156982421875
0.015096426010131836
0.012184619903564453
0.014995336532592773
0.013714313507080078
0.013231277465820312
0.011608600616455078
0.014706611633300781
0.013306617736816406
0.013428926467895508
0.013467073440551758
0.013697385787963867
0.015428543090820312
0.01313018798828125
0.016405820846557617
0.014976024627685547
0.011859893798828125
0.014400482177734375
0.015629291534423828
0.011413097381591797
0.015078067779541016
0.011023759841918945
0.013824462890625
0.013950586318969727
0.013262748718261719
0.013148784637451172
0.015023469924926758
0.014413595199584961
0.012419700622558594
0.014125823974609375
0.014212608337402344
0.01331472396850586
0.013320684432983398
0.013477325439453125
0.01382899284362793
0.014628410339355469
0.014571905136108398
0.013879537582397461
0.014371871948242188
0.013313770294189453
0.0118560791015625
0.013644695281982422
0.01244807243347168
0.016684293746948242
0.014695167541503906
0.014947891235351562
0.013873577117919922
0.032356977462768555
0.014303445816040039
0.017714500427246094
0.013353109359741211
0.013628721237182617
0.014938116073608398
0.013594865798950195
0.014460325241088867
0.014707326889038086
0.01139211654663086
0.013476133346557617
0.013921499252319336
0.010721206665039062
0.013419151306152344
0.016367435455322266
0.015474557876586914
0.02137279510498047
0.013026714324951172
0.010607719421386719
0.014317512512207031
0.013339042663574219
0.011244773864746094
0.011807680130004883
0.013657331466674805
0.011393308639526367
0.017859697341918945
0.013141393661499023
0.015900850296020508
0.016948938369750977
0.013422727584838867
0.01335000991821289
0.013707399368286133
0.013531684875488281
0.014005184173583984
0.014131784439086914
0.011332988739013672
0.015340089797973633
0.015863895416259766
0.014026403427124023
0.011731386184692383
0.01537632942199707
0.014415264129638672
0.013643503189086914
0.012206792831420898
0.018703699111938477
0.018915414810180664
0.01317286491394043
0.013221025466918945
0.014476299285888672
0.014833450317382812
