0.0001666545867919922
8.726119995117188e-05
7.915496826171875e-05
7.963180541992188e-05
7.987022399902344e-05
7.891654968261719e-05
7.939338684082031e-05
7.939338684082031e-05
7.963180541992188e-05
8.034706115722656e-05
7.963180541992188e-05
7.891654968261719e-05
8.559226989746094e-05
7.939338684082031e-05
7.987022399902344e-05
7.939338684082031e-05
7.700920104980469e-05
7.724761962890625e-05
7.510185241699219e-05
7.486343383789062e-05
7.605552673339844e-05
7.581710815429688e-05
7.605552673339844e-05
7.581710815429688e-05
7.581710815429688e-05
7.581710815429688e-05
7.62939453125e-05
7.581710815429688e-05
7.557868957519531e-05
7.772445678710938e-05
7.653236389160156e-05
7.510185241699219e-05
7.486343383789062e-05
7.748603820800781e-05
7.581710815429688e-05
7.677078247070312e-05
0.0001289844512939453
7.724761962890625e-05
7.534027099609375e-05
7.581710815429688e-05
7.581710815429688e-05
7.534027099609375e-05
7.486343383789062e-05
7.700920104980469e-05
7.557868957519531e-05
7.43865966796875e-05
8.225440979003906e-05
7.557868957519531e-05
7.486343383789062e-05
7.605552673339844e-05
7.534027099609375e-05
8.249282836914062e-05
7.557868957519531e-05
7.82012939453125e-05
7.891654968261719e-05
7.891654968261719e-05
8.463859558105469e-05
8.058547973632812e-05
8.034706115722656e-05
7.82012939453125e-05
7.796287536621094e-05
7.677078247070312e-05
7.772445678710938e-05
7.700920104980469e-05
7.581710815429688e-05
7.605552673339844e-05
7.891654968261719e-05
7.772445678710938e-05
7.677078247070312e-05
7.653236389160156e-05
7.82012939453125e-05
8.0108642578125e-05
7.987022399902344e-05
7.867813110351562e-05
7.939338684082031e-05
8.511543273925781e-05
7.843971252441406e-05
7.867813110351562e-05
7.772445678710938e-05
7.796287536621094e-05
8.559226989746094e-05
8.344650268554688e-05
7.915496826171875e-05
8.0108642578125e-05
7.915496826171875e-05
8.463859558105469e-05
7.891654968261719e-05
7.915496826171875e-05
7.867813110351562e-05
7.843971252441406e-05
7.724761962890625e-05
7.843971252441406e-05
7.82012939453125e-05
7.843971252441406e-05
7.843971252441406e-05
7.891654968261719e-05
7.772445678710938e-05
7.796287536621094e-05
7.867813110351562e-05
8.654594421386719e-05
