0.012708425521850586
0.017276287078857422
0.01311182975769043
0.018298625946044922
0.015765905380249023
0.02176642417907715
0.013507604598999023
0.015927791595458984
0.013849020004272461
0.011110782623291016
0.013794898986816406
0.013992547988891602
0.013755083084106445
0.011029720306396484
0.01532745361328125
0.014191150665283203
0.07191109657287598
0.014518260955810547
0.017628192901611328
0.01738286018371582
0.013136863708496094
0.016557693481445312
0.012565374374389648
0.013991832733154297
0.01220560073852539
0.013804912567138672
0.01348114013671875
0.010514259338378906
0.009938478469848633
0.016502857208251953
0.013181686401367188
0.01715993881225586
0.020295143127441406
0.015378475189208984
0.01631021499633789
0.018556833267211914
0.013725757598876953
0.011539697647094727
0.014191865921020508
0.01358175277709961
0.010419368743896484
0.0123138427734375
0.01574873924255371
0.015271663665771484
0.013153076171875
0.010788917541503906
0.010597467422485352
0.012714624404907227
0.012781381607055664
0.013546228408813477
0.010677099227905273
0.012521028518676758
0.020226240158081055
0.010382652282714844
0.012983560562133789
0.013039350509643555
0.0107879638671875
0.01305246353149414
0.01248931884765625
0.02215862274169922
0.013030052185058594
0.0256805419921875
0.019292116165161133
0.013404607772827148
0.013764381408691406
0.012629032135009766
0.012924909591674805
0.010522842407226562
0.010770320892333984
0.013660192489624023
0.013010501861572266
0.010402679443359375
0.01052093505859375
0.0125732421875
0.010696172714233398
0.013208866119384766
0.014329195022583008
0.013341903686523438
0.012644767761230469
0.013118743896484375
0.010753870010375977
0.0130157470703125
0.013843774795532227
0.01393580436706543
0.013109683990478516
0.010785818099975586
0.01325678825378418
0.012205362319946289
0.01313471794128418
0.011200666427612305
0.014365434646606445
0.013202905654907227
0.013180017471313477
0.010671377182006836
0.015314102172851562
0.01291513442993164
0.0108642578125
0.013922691345214844
0.01400446891784668
0.011025428771972656
