0.011612892150878906
0.01393437385559082
0.013363361358642578
0.01361989974975586
0.013300418853759766
0.011321783065795898
0.013781070709228516
0.013298749923706055
0.013776302337646484
0.018630266189575195
0.01357412338256836
0.014097452163696289
0.013042211532592773
0.011979103088378906
0.014142036437988281
0.014342308044433594
0.011196613311767578
0.013213396072387695
0.024799346923828125
0.024279356002807617
0.014515399932861328
0.014247894287109375
0.010962963104248047
0.012968778610229492
0.010879993438720703
0.013032674789428711
0.013673782348632812
0.01172184944152832
0.014127731323242188
0.013637304306030273
0.013224124908447266
0.01082158088684082
0.012863397598266602
0.013542890548706055
0.01739025115966797
0.013511180877685547
0.013480424880981445
0.011583805084228516
0.012872457504272461
0.013768196105957031
0.011049270629882812
0.013881683349609375
0.01324462890625
0.010807037353515625
0.01303720474243164
0.03120565414428711
0.03727579116821289
0.01452016830444336
0.015624523162841797
0.013902425765991211
0.01176762580871582
0.013765335083007812
0.01752614974975586
0.011882543563842773
0.01449131965637207
0.014434337615966797
0.01138925552368164
0.01341104507446289
0.013447046279907227
0.010385990142822266
0.014510393142700195
0.010519742965698242
0.011423349380493164
0.013284683227539062
0.013536930084228516
0.013414621353149414
0.014665842056274414
0.011858463287353516
0.011472225189208984
0.013821601867675781
0.014558076858520508
0.011171579360961914
0.011174917221069336
0.013236761093139648
0.010648488998413086
0.01408529281616211
0.013666629791259766
0.015366554260253906
0.013509035110473633
0.013419628143310547
0.010997533798217773
0.013941764831542969
0.013491392135620117
0.013695716857910156
0.013373374938964844
0.011975526809692383
0.013764619827270508
0.013078451156616211
0.013284683227539062
0.010637044906616211
0.012900590896606445
0.013456583023071289
0.01361083984375
0.011061429977416992
0.013016223907470703
0.014174222946166992
0.010768890380859375
0.02343130111694336
0.01280522346496582
0.011214733123779297
