0.012241840362548828
0.01392221450805664
0.014184713363647461
0.013474702835083008
0.013451576232910156
0.012006282806396484
0.013654708862304688
0.013051033020019531
0.018035888671875
0.0107269287109375
0.013115644454956055
0.01286172866821289
0.012736320495605469
0.012207746505737305
0.013657093048095703
0.011221170425415039
0.012109041213989258
0.013838529586791992
0.014153003692626953
0.012179851531982422
0.014663457870483398
0.013961553573608398
0.011512517929077148
0.014276742935180664
0.011306047439575195
0.013076066970825195
0.0175783634185791
0.021846532821655273
0.011206626892089844
0.01538395881652832
0.014175176620483398
0.01040506362915039
0.013889312744140625
0.012841463088989258
0.010819435119628906
0.013747453689575195
0.013104438781738281
0.010781526565551758
0.013569116592407227
0.017666339874267578
0.011870861053466797
0.013741493225097656
0.014935016632080078
0.012149572372436523
0.013816118240356445
0.011360406875610352
0.010562419891357422
0.014641284942626953
0.014389753341674805
0.013959407806396484
0.011020421981811523
0.013433694839477539
0.014014720916748047
0.011175394058227539
0.01356649398803711
0.013375282287597656
0.011455297470092773
0.01430654525756836
0.013770818710327148
0.01085662841796875
0.013267040252685547
0.011161565780639648
0.01277303695678711
0.013427972793579102
0.02261638641357422
0.01804518699645996
0.013643741607666016
0.013448476791381836
0.013795852661132812
0.01392984390258789
0.01637125015258789
0.011083364486694336
0.010517358779907227
0.013245344161987305
0.010602474212646484
0.014295578002929688
0.01256561279296875
0.013605117797851562
0.013866662979125977
0.012994527816772461
0.014628887176513672
0.013570785522460938
0.013600587844848633
0.013809680938720703
0.01577019691467285
0.012222766876220703
0.01380777359008789
0.014379262924194336
0.013702630996704102
0.012424468994140625
0.01416015625
0.013817548751831055
0.015434503555297852
0.0113372802734375
0.050345420837402344
0.015687227249145508
0.011608362197875977
0.014589071273803711
0.014381170272827148
0.019649744033813477
