0.008327245712280273
0.01078653335571289
0.010214805603027344
0.008549928665161133
0.011993169784545898
0.007841348648071289
0.0080413818359375
0.010985374450683594
0.011966466903686523
0.00819540023803711
0.007993936538696289
0.012025594711303711
0.010260820388793945
0.00780797004699707
0.010219812393188477
0.00975799560546875
0.007898330688476562
0.0095672607421875
0.009872674942016602
0.007950067520141602
0.010799884796142578
0.007714509963989258
0.009222269058227539
0.010836362838745117
0.008127927780151367
0.00999140739440918
0.009921073913574219
0.007815361022949219
0.007987022399902344
0.010566949844360352
0.011397123336791992
0.007876157760620117
0.007340431213378906
0.012029170989990234
0.008128166198730469
0.009695053100585938
0.010023355484008789
0.006880044937133789
0.007863044738769531
0.009672403335571289
0.007678031921386719
0.010096549987792969
0.01047205924987793
0.009000778198242188
0.010007381439208984
0.007584810256958008
0.0081787109375
0.010200977325439453
0.010814905166625977
0.007771968841552734
0.007677793502807617
0.010138750076293945
0.010654926300048828
0.0073566436767578125
0.010497093200683594
0.007917165756225586
0.008039236068725586
0.00982046127319336
0.009830474853515625
0.00803375244140625
0.010071277618408203
0.007832050323486328
0.007464408874511719
0.010071754455566406
0.007729530334472656
0.010557413101196289
0.00956869125366211
0.007451295852661133
0.007920026779174805
0.010823726654052734
0.009270191192626953
0.007105112075805664
0.007464408874511719
0.009905815124511719
0.007437705993652344
0.010614633560180664
0.01050257682800293
0.007939815521240234
0.007539987564086914
0.009858131408691406
0.0075190067291259766
0.01027989387512207
0.011220693588256836
0.00759124755859375
0.00967097282409668
0.0076715946197509766
0.00882267951965332
0.010193109512329102
0.010125398635864258
0.0075075626373291016
0.007786273956298828
0.011306047439575195
0.010632753372192383
0.0076389312744140625
0.01028585433959961
0.007808685302734375
0.008168458938598633
0.010999441146850586
0.009711742401123047
0.007714033126831055
