0.012739896774291992
0.013700246810913086
0.016117095947265625
0.013616323471069336
0.013068437576293945
0.010846614837646484
0.012506723403930664
0.014760255813598633
0.01337289810180664
0.010213851928710938
0.014952421188354492
0.013113975524902344
0.01348567008972168
0.013170003890991211
0.012766122817993164
0.01026153564453125
0.010669469833374023
0.01336216926574707
0.023093223571777344
0.011364459991455078
0.013013839721679688
0.012752056121826172
0.01075887680053711
0.012772560119628906
0.010973215103149414
0.013554096221923828
0.017822742462158203
0.011539459228515625
0.009569406509399414
0.013221263885498047
0.012812137603759766
0.01060795783996582
0.013768911361694336
0.012868881225585938
0.009635448455810547
0.012551546096801758
0.018301963806152344
0.01069951057434082
0.012873172760009766
0.01285552978515625
0.010248899459838867
0.012653827667236328
0.012742996215820312
0.010639190673828125
0.012866020202636719
0.010208368301391602
0.009980916976928711
0.013246536254882812
0.012830257415771484
0.012692689895629883
0.010854721069335938
0.012358665466308594
0.012531757354736328
0.010659933090209961
0.012920141220092773
0.013527393341064453
0.010701179504394531
0.01339101791381836
0.01350092887878418
0.010183334350585938
0.012573957443237305
0.010833501815795898
0.01061701774597168
0.013257980346679688
0.013301372528076172
0.013747215270996094
0.013383626937866211
0.010696649551391602
0.01846766471862793
0.013041973114013672
0.019788503646850586
0.011015176773071289
0.01026463508605957
0.018549203872680664
0.010160446166992188
0.01254415512084961
0.013562679290771484
0.013313055038452148
0.024744272232055664
0.012110233306884766
0.019190073013305664
0.024815797805786133
0.016258716583251953
0.021142005920410156
0.012848138809204102
0.010671854019165039
0.013520002365112305
0.013407468795776367
0.012214899063110352
0.010618448257446289
0.013202667236328125
0.013633966445922852
0.012559652328491211
0.010565519332885742
0.013001203536987305
0.012990713119506836
0.010346174240112305
0.014287710189819336
0.012710332870483398
0.01016378402709961
