0.01209259033203125
0.014254331588745117
0.013108015060424805
0.014761209487915039
0.018231868743896484
0.010980367660522461
0.013695478439331055
0.012295722961425781
0.013576269149780273
0.011071443557739258
0.013448238372802734
0.013179779052734375
0.012993097305297852
0.010864734649658203
0.012655496597290039
0.011076211929321289
0.011423110961914062
0.012753725051879883
0.01426243782043457
0.010748147964477539
0.013449907302856445
0.014039754867553711
0.010750770568847656
0.012864112854003906
0.011000394821166992
0.012974023818969727
0.012641429901123047
0.011211156845092773
0.011670827865600586
0.01764988899230957
0.013968229293823242
0.011158943176269531
0.01454782485961914
0.012959957122802734
0.010187625885009766
0.013744831085205078
0.014041423797607422
0.012456178665161133
0.014776945114135742
0.013130426406860352
0.011290311813354492
0.013134241104125977
0.012711286544799805
0.016556978225708008
0.013548135757446289
0.011225461959838867
0.011603355407714844
0.012859582901000977
0.01336669921875
0.012880086898803711
0.010547876358032227
0.012802362442016602
0.020587682723999023
0.011259078979492188
0.013059616088867188
0.013729095458984375
0.015437602996826172
0.013623714447021484
0.014051198959350586
0.010899782180786133
0.012847185134887695
0.01107478141784668
0.011876583099365234
0.01279759407043457
0.013062000274658203
0.013288736343383789
0.013620376586914062
0.011006832122802734
0.010481595993041992
0.014768600463867188
0.013787508010864258
0.010978460311889648
0.02192401885986328
0.012942314147949219
0.010629892349243164
0.013639688491821289
0.012928247451782227
0.013611555099487305
0.013658285140991211
0.01503896713256836
0.011039972305297852
0.014537811279296875
0.014424800872802734
0.014015436172485352
0.013520956039428711
0.011837482452392578
0.013813018798828125
0.013511419296264648
0.013277530670166016
0.012424230575561523
0.014331579208374023
0.013875484466552734
0.024867773056030273
0.012907266616821289
0.018184185028076172
0.014510393142700195
0.012056827545166016
0.013859272003173828
0.013878583908081055
0.013531684875488281
