0.008331060409545898
0.008303642272949219
0.008185386657714844
0.007642030715942383
0.007157087326049805
0.007025480270385742
0.007870197296142578
0.00834798812866211
0.008464813232421875
0.009261131286621094
0.007211923599243164
0.006963253021240234
0.010311603546142578
0.0082244873046875
0.00689697265625
0.00719141960144043
0.008929014205932617
0.007683753967285156
0.007489681243896484
0.009081363677978516
0.009165763854980469
0.0071299076080322266
0.007380485534667969
0.008048057556152344
0.0076751708984375
0.0069599151611328125
0.006914377212524414
0.00773310661315918
0.0073184967041015625
0.006674051284790039
0.007323265075683594
0.0070455074310302734
0.007880210876464844
0.008574485778808594
0.006932735443115234
0.007153987884521484
0.0074880123138427734
0.00747990608215332
0.007246255874633789
0.007633209228515625
0.007799386978149414
0.0076656341552734375
0.007003307342529297
0.006994724273681641
0.01037144660949707
0.0072841644287109375
0.007677316665649414
0.007479190826416016
0.0076067447662353516
0.009154081344604492
0.0076596736907958984
0.007723093032836914
0.0074083805084228516
0.007934808731079102
0.009980201721191406
0.0074536800384521484
0.007289886474609375
0.00732874870300293
0.0073010921478271484
0.006927490234375
0.00744938850402832
0.007850885391235352
0.00856328010559082
0.007168769836425781
0.007039546966552734
0.007200002670288086
0.008391857147216797
0.007063627243041992
0.007272243499755859
0.007309913635253906
0.006912708282470703
0.0074176788330078125
0.0073812007904052734
0.007287740707397461
0.007085561752319336
0.007179737091064453
0.007311105728149414
0.00733184814453125
0.0077037811279296875
0.00739598274230957
0.007096052169799805
0.00782465934753418
0.006991147994995117
0.0075359344482421875
0.007325649261474609
0.006943464279174805
0.007253170013427734
0.008076906204223633
0.0072405338287353516
0.0072252750396728516
0.007914066314697266
0.009406328201293945
0.006997823715209961
0.007723093032836914
0.007256269454956055
0.007137775421142578
0.00743412971496582
0.007966756820678711
0.007343769073486328
0.0070917606353759766
