0.008985280990600586
0.010330915451049805
0.00798344612121582
0.007584333419799805
0.007833719253540039
0.008213520050048828
0.0077207088470458984
0.007302522659301758
0.008162975311279297
0.008280038833618164
0.008132457733154297
0.008803606033325195
0.007895708084106445
0.007489919662475586
0.008826494216918945
0.007404327392578125
0.007685184478759766
0.008423805236816406
0.007877588272094727
0.008068561553955078
0.00789332389831543
0.007250308990478516
0.008479118347167969
0.008153676986694336
0.007257699966430664
0.007498502731323242
0.008103370666503906
0.008249044418334961
0.007219076156616211
0.007752180099487305
0.009199857711791992
0.007651329040527344
0.007663726806640625
0.0076596736907958984
0.008107900619506836
0.007957220077514648
0.0072863101959228516
0.008048772811889648
0.007652997970581055
0.007906675338745117
0.0075953006744384766
0.007470607757568359
0.008851051330566406
0.007311105728149414
0.008064031600952148
0.008379697799682617
0.007661581039428711
0.007721900939941406
0.008173465728759766
0.008295536041259766
0.008305549621582031
0.00800633430480957
0.011116743087768555
0.008337974548339844
0.008649587631225586
0.008890628814697266
0.008341312408447266
0.00857996940612793
0.007997512817382812
0.00845026969909668
0.008120298385620117
0.00832366943359375
0.007661342620849609
0.009479999542236328
0.007980108261108398
0.007756471633911133
0.007996320724487305
0.008038759231567383
0.006928920745849609
0.0074803829193115234
0.0077571868896484375
0.008830547332763672
0.008637189865112305
0.007757425308227539
0.008289813995361328
0.0072803497314453125
0.00867605209350586
0.008278846740722656
0.007409334182739258
0.007727622985839844
0.0072345733642578125
0.0075914859771728516
0.0072917938232421875
0.0075037479400634766
0.00759434700012207
0.00763249397277832
0.007452249526977539
0.011734247207641602
0.010702371597290039
0.008504152297973633
0.007687091827392578
0.012096405029296875
0.00830698013305664
0.007152557373046875
0.010987281799316406
0.00983881950378418
0.007235288619995117
0.00748753547668457
0.0072345733642578125
0.007640838623046875
