0.00010848045349121094
3.719329833984375e-05
3.4809112548828125e-05
3.361701965332031e-05
3.7670135498046875e-05
3.266334533691406e-05
3.170967102050781e-05
3.0994415283203125e-05
3.0279159545898438e-05
3.123283386230469e-05
3.075599670410156e-05
3.1948089599609375e-05
3.123283386230469e-05
3.0517578125e-05
2.9802322387695312e-05
5.173683166503906e-05
3.147125244140625e-05
3.0517578125e-05
3.4332275390625e-05
2.9802322387695312e-05
3.0517578125e-05
2.9325485229492188e-05
2.9325485229492188e-05
2.956390380859375e-05
2.8848648071289062e-05
3.075599670410156e-05
3.0040740966796875e-05
3.0040740966796875e-05
3.218650817871094e-05
2.956390380859375e-05
3.075599670410156e-05
3.0994415283203125e-05
3.0040740966796875e-05
3.218650817871094e-05
3.2901763916015625e-05
3.1948089599609375e-05
3.266334533691406e-05
3.0994415283203125e-05
3.0994415283203125e-05
3.075599670410156e-05
3.0517578125e-05
3.0279159545898438e-05
2.956390380859375e-05
2.9087066650390625e-05
2.956390380859375e-05
2.9325485229492188e-05
2.9325485229492188e-05
2.9325485229492188e-05
2.9325485229492188e-05
2.956390380859375e-05
2.956390380859375e-05
2.9087066650390625e-05
2.9087066650390625e-05
2.956390380859375e-05
2.956390380859375e-05
2.9325485229492188e-05
3.0994415283203125e-05
2.9802322387695312e-05
3.0517578125e-05
3.0517578125e-05
3.0517578125e-05
3.0279159545898438e-05
2.9802322387695312e-05
2.8848648071289062e-05
2.956390380859375e-05
3.0040740966796875e-05
2.9325485229492188e-05
3.62396240234375e-05
3.0279159545898438e-05
2.956390380859375e-05
2.9802322387695312e-05
2.9087066650390625e-05
2.9087066650390625e-05
2.956390380859375e-05
3.0040740966796875e-05
3.0517578125e-05
3.0040740966796875e-05
3.0994415283203125e-05
2.9802322387695312e-05
2.9802322387695312e-05
3.457069396972656e-05
3.457069396972656e-05
2.9325485229492188e-05
2.9087066650390625e-05
2.9325485229492188e-05
2.9325485229492188e-05
2.8848648071289062e-05
2.9087066650390625e-05
2.8371810913085938e-05
2.9087066650390625e-05
2.956390380859375e-05
2.956390380859375e-05
2.9087066650390625e-05
3.0517578125e-05
3.0279159545898438e-05
3.0040740966796875e-05
3.123283386230469e-05
3.1948089599609375e-05
3.0040740966796875e-05
3.0279159545898438e-05
