0.013943195343017578
0.0166015625
0.01386713981628418
0.014035224914550781
0.01658940315246582
0.011073827743530273
0.016626596450805664
0.012823820114135742
0.012527227401733398
0.015403509140014648
0.014443159103393555
0.013900995254516602
0.01607966423034668
0.011945962905883789
0.013737916946411133
0.010982036590576172
0.01092219352722168
0.013698339462280273
0.012967824935913086
0.010700464248657227
0.013224363327026367
0.01355123519897461
0.010691642761230469
0.024233341217041016
0.03274989128112793
0.013560056686401367
0.01768016815185547
0.010859012603759766
0.015046358108520508
0.013478994369506836
0.01344609260559082
0.020653486251831055
0.014514923095703125
0.04669451713562012
0.012468576431274414
0.013246774673461914
0.011997699737548828
0.013599395751953125
0.013559818267822266
0.01577138900756836
0.012649774551391602
0.013166427612304688
0.01595473289489746
0.011942148208618164
0.014633655548095703
0.011191129684448242
0.02089238166809082
0.01337289810180664
0.012090682983398438
0.01382899284362793
0.015952348709106445
0.013351917266845703
0.015395164489746094
0.010700225830078125
0.013226509094238281
0.015308856964111328
0.014588356018066406
0.014254093170166016
0.014201164245605469
0.012310504913330078
0.014328479766845703
0.01049661636352539
0.010638713836669922
0.014046192169189453
0.013213634490966797
0.015300989151000977
0.016148090362548828
0.012636661529541016
0.012552976608276367
0.013437986373901367
0.012538671493530273
0.012351036071777344
0.025801658630371094
0.013678789138793945
0.010718345642089844
0.019146442413330078
0.014275074005126953
0.014451026916503906
0.013573169708251953
0.01340484619140625
0.018658161163330078
0.012627601623535156
0.01208043098449707
0.013323307037353516
0.013970375061035156
0.014202117919921875
0.013870000839233398
0.013013601303100586
0.012519359588623047
0.010748863220214844
0.01303410530090332
0.013017654418945312
0.012915611267089844
0.011726856231689453
0.01476740837097168
0.018530607223510742
0.01076650619506836
0.015151262283325195
0.01805901527404785
0.010739803314208984
