0.0238034725189209
0.006807565689086914
0.0073583126068115234
0.007951498031616211
0.008256673812866211
0.007745504379272461
0.007742166519165039
0.0077664852142333984
0.008315324783325195
0.00819540023803711
0.008082389831542969
0.008275032043457031
0.008133411407470703
0.007756471633911133
0.007424116134643555
0.0075299739837646484
0.007395505905151367
0.007498979568481445
0.00712275505065918
0.0074727535247802734
0.00724482536315918
0.007659435272216797
0.007169485092163086
0.009123086929321289
0.007498979568481445
0.03756093978881836
0.008068084716796875
0.007612705230712891
0.007344722747802734
0.007979869842529297
0.0077860355377197266
0.007241487503051758
0.0076563358306884766
0.007484912872314453
0.007310628890991211
0.01771235466003418
0.007112979888916016
0.00782012939453125
0.00816202163696289
0.00833582878112793
0.007473468780517578
0.007795810699462891
0.00822138786315918
0.008042097091674805
0.008225202560424805
0.007834672927856445
0.007803440093994141
0.007623910903930664
0.0075836181640625
0.00715184211730957
0.007843732833862305
0.00858449935913086
0.007649421691894531
0.007899999618530273
0.007266521453857422
0.007552146911621094
0.007423877716064453
0.007111072540283203
0.008390188217163086
0.007207632064819336
0.007727861404418945
0.008482694625854492
0.008768796920776367
0.020041465759277344
0.010037422180175781
0.01807236671447754
0.007491588592529297
0.008382558822631836
0.014728546142578125
0.00759434700012207
0.007330656051635742
0.00822591781616211
0.007227659225463867
0.007659196853637695
0.007370948791503906
0.007241010665893555
0.007843017578125
0.00687408447265625
0.0075528621673583984
0.007473945617675781
0.01251220703125
0.0074274539947509766
0.0071599483489990234
0.007257699966430664
0.008180618286132812
0.007929325103759766
0.007450580596923828
0.00814366340637207
0.0072479248046875
0.00946187973022461
0.008358955383300781
0.007441282272338867
0.014221429824829102
0.007443428039550781
0.007505178451538086
0.007372617721557617
0.0076715946197509766
0.0077974796295166016
0.00768733024597168
0.008155345916748047
