0.007149219512939453
0.009778261184692383
0.009854555130004883
0.008855104446411133
0.009949445724487305
0.007238626480102539
0.0076715946197509766
0.009982109069824219
0.009942054748535156
0.007256984710693359
0.007836580276489258
0.009078025817871094
0.009615659713745117
0.0074307918548583984
0.009357452392578125
0.009069681167602539
0.007908105850219727
0.009173393249511719
0.009443044662475586
0.006928205490112305
0.009668588638305664
0.015197277069091797
0.007109403610229492
0.009472131729125977
0.011059999465942383
0.011175394058227539
0.010025501251220703
0.007349729537963867
0.007723093032836914
0.009946346282958984
0.009342193603515625
0.007241964340209961
0.007260799407958984
0.00961923599243164
0.007075071334838867
0.010009050369262695
0.00955510139465332
0.007529497146606445
0.007131338119506836
0.009796380996704102
0.0068285465240478516
0.009743452072143555
0.008948564529418945
0.007653713226318359
0.01007533073425293
0.007223844528198242
0.007529258728027344
0.009726285934448242
0.009679794311523438
0.00816798210144043
0.007113456726074219
0.010955333709716797
0.009508371353149414
0.007256984710693359
0.01032114028930664
0.007090091705322266
0.007340192794799805
0.00961756706237793
0.009498119354248047
0.006875753402709961
0.009270191192626953
0.007442474365234375
0.007410526275634766
0.009786367416381836
0.007534980773925781
0.00990605354309082
0.011069536209106445
0.008235692977905273
0.007515668869018555
0.00986623764038086
0.01052236557006836
0.007439851760864258
0.008143424987792969
0.010152339935302734
0.007533550262451172
0.009126424789428711
0.01033163070678711
0.007259845733642578
0.007780551910400391
0.010184764862060547
0.007596015930175781
0.009466171264648438
0.008664369583129883
0.0069925785064697266
0.009021282196044922
0.007581949234008789
0.007668495178222656
0.00952911376953125
0.011476993560791016
0.008130550384521484
0.007283210754394531
0.00969243049621582
0.009874105453491211
0.0076122283935546875
0.012686729431152344
0.007723808288574219
0.007707118988037109
0.009773731231689453
0.009557962417602539
0.00755620002746582
