0.0001232624053955078
7.724761962890625e-05
7.367134094238281e-05
7.319450378417969e-05
7.176399230957031e-05
7.033348083496094e-05
6.937980651855469e-05
7.081031799316406e-05
7.104873657226562e-05
7.081031799316406e-05
7.033348083496094e-05
7.033348083496094e-05
7.557868957519531e-05
7.152557373046875e-05
7.081031799316406e-05
7.390975952148438e-05
7.367134094238281e-05
7.510185241699219e-05
0.00010561943054199219
7.462501525878906e-05
7.271766662597656e-05
7.319450378417969e-05
7.295608520507812e-05
7.367134094238281e-05
7.462501525878906e-05
7.390975952148438e-05
7.462501525878906e-05
7.343292236328125e-05
7.390975952148438e-05
7.390975952148438e-05
7.510185241699219e-05
7.367134094238281e-05
7.2479248046875e-05
7.462501525878906e-05
7.390975952148438e-05
7.295608520507812e-05
7.343292236328125e-05
7.414817810058594e-05
7.319450378417969e-05
7.390975952148438e-05
7.414817810058594e-05
7.367134094238281e-05
7.343292236328125e-05
7.867813110351562e-05
7.319450378417969e-05
7.390975952148438e-05
7.390975952148438e-05
7.510185241699219e-05
8.058547973632812e-05
7.486343383789062e-05
7.390975952148438e-05
7.367134094238281e-05
7.271766662597656e-05
7.200241088867188e-05
7.319450378417969e-05
7.367134094238281e-05
7.271766662597656e-05
7.343292236328125e-05
7.295608520507812e-05
7.295608520507812e-05
7.319450378417969e-05
7.295608520507812e-05
7.319450378417969e-05
7.43865966796875e-05
7.390975952148438e-05
7.414817810058594e-05
7.367134094238281e-05
7.343292236328125e-05
7.367134094238281e-05
7.367134094238281e-05
7.319450378417969e-05
7.319450378417969e-05
7.295608520507812e-05
7.367134094238281e-05
7.843971252441406e-05
7.319450378417969e-05
7.367134094238281e-05
7.295608520507812e-05
0.0001323223114013672
8.034706115722656e-05
7.390975952148438e-05
7.367134094238281e-05
7.2479248046875e-05
7.390975952148438e-05
7.891654968261719e-05
7.343292236328125e-05
7.295608520507812e-05
7.343292236328125e-05
7.319450378417969e-05
7.390975952148438e-05
7.414817810058594e-05
7.390975952148438e-05
7.271766662597656e-05
7.43865966796875e-05
7.367134094238281e-05
7.295608520507812e-05
7.343292236328125e-05
7.534027099609375e-05
7.343292236328125e-05
7.367134094238281e-05
