0.08363461494445801
0.6473038196563721
0.014461994171142578
0.013337373733520508
0.01266789436340332
0.16738152503967285
0.014745950698852539
0.014853954315185547
0.013431787490844727
0.011850595474243164
0.013630867004394531
0.01376032829284668
0.015298128128051758
0.012018203735351562
0.01416158676147461
0.011877775192260742
0.011684656143188477
0.013143301010131836
0.013531923294067383
0.01108098030090332
0.01351308822631836
0.015470266342163086
0.011921405792236328
0.013430118560791016
0.011092424392700195
0.013919830322265625
0.013323783874511719
0.011011838912963867
0.010907888412475586
0.014060258865356445
0.015249252319335938
0.011515140533447266
0.012986421585083008
0.013485431671142578
0.011119365692138672
0.013651847839355469
0.012699127197265625
0.012217044830322266
0.014013051986694336
0.0131378173828125
0.01092982292175293
0.012939691543579102
0.01331186294555664
0.012105464935302734
0.013437509536743164
0.011111021041870117
0.010282516479492188
0.013437509536743164
0.014966249465942383
0.014746665954589844
0.011436939239501953
0.014047384262084961
0.012660980224609375
0.011322975158691406
0.013521909713745117
0.01367807388305664
0.01136922836303711
0.015100479125976562
0.013570547103881836
0.012015342712402344
0.01553654670715332
0.015474557876586914
0.012642860412597656
0.013889551162719727
0.013257026672363281
0.013994932174682617
0.013486385345458984
0.011126041412353516
0.010941743850708008
0.013503313064575195
0.014356613159179688
0.01098775863647461
0.011353492736816406
0.013556718826293945
0.011022806167602539
0.01385498046875
0.015280723571777344
0.015629291534423828
0.01468348503112793
0.014001131057739258
0.011022329330444336
0.014598608016967773
0.01376652717590332
0.013524055480957031
0.01280665397644043
0.010541677474975586
0.014679193496704102
0.02073192596435547
0.014116287231445312
0.011612415313720703
0.014311552047729492
0.015168905258178711
0.013036727905273438
0.011301279067993164
0.013924837112426758
0.017108678817749023
0.012613773345947266
0.014209270477294922
0.013312578201293945
0.01114201545715332
