0.009458065032958984
0.01119852066040039
0.010278463363647461
0.011201620101928711
0.01020503044128418
0.007649898529052734
0.010632991790771484
0.010518312454223633
0.010159969329833984
0.007574558258056641
0.01431894302368164
0.010422229766845703
0.010105371475219727
0.0072481632232666016
0.010521411895751953
0.007730245590209961
0.008382081985473633
0.010615110397338867
0.010751962661743164
0.007445573806762695
0.009802579879760742
0.011270523071289062
0.007152080535888672
0.010644674301147461
0.007216930389404297
0.011548757553100586
0.010801553726196289
0.007116556167602539
0.0072743892669677734
0.011020421981811523
0.010800361633300781
0.006911039352416992
0.010569095611572266
0.009766817092895508
0.0072977542877197266
0.009590864181518555
0.009165048599243164
0.007130861282348633
0.010445594787597656
0.009920597076416016
0.007740974426269531
0.010169744491577148
0.01025080680847168
0.007681608200073242
0.009914875030517578
0.007188320159912109
0.008007526397705078
0.00960850715637207
0.01002955436706543
0.010308980941772461
0.008100748062133789
0.0667104721069336
0.010178804397583008
0.007188081741333008
0.009885787963867188
0.009968757629394531
0.011550664901733398
0.010065317153930664
0.013654232025146484
0.007439613342285156
0.009944677352905273
0.007750988006591797
0.009295225143432617
0.009846210479736328
0.009454965591430664
0.008835792541503906
0.011763572692871094
0.010832786560058594
0.007817268371582031
0.011971473693847656
0.009662151336669922
0.007145881652832031
0.0072231292724609375
0.009230852127075195
0.00994420051574707
0.010377883911132812
0.010389566421508789
0.011789560317993164
0.011524438858032227
0.0131378173828125
0.009782791137695312
0.014238119125366211
0.010186910629272461
0.01081705093383789
0.011501312255859375
0.008579254150390625
0.010248184204101562
0.009042978286743164
0.013586997985839844
0.008533239364624023
0.014805316925048828
0.009958982467651367
0.0167081356048584
0.008499622344970703
0.0127716064453125
0.011509418487548828
0.014395952224731445
0.010569095611572266
0.010388851165771484
0.007115602493286133
