0.012490987777709961
0.025236129760742188
0.04745125770568848
0.020517826080322266
0.01457834243774414
0.010988235473632812
0.01537466049194336
0.01578688621520996
0.02917313575744629
0.01440882682800293
0.04659748077392578
0.07292389869689941
0.013669013977050781
0.010823249816894531
0.013717412948608398
0.011260509490966797
0.011989831924438477
0.01839137077331543
0.07347559928894043
0.012842178344726562
0.01467442512512207
0.051076650619506836
0.0323941707611084
0.017522335052490234
0.019771099090576172
0.013172388076782227
0.013092279434204102
0.010984420776367188
0.010343313217163086
0.014577627182006836
0.014639139175415039
0.035816192626953125
0.018849611282348633
0.013742923736572266
0.013849496841430664
0.013780593872070312
0.013851642608642578
0.010980606079101562
0.017975330352783203
0.027046680450439453
0.017513513565063477
0.0247957706451416
0.013199567794799805
0.011194705963134766
0.016295433044433594
0.015133857727050781
0.012265443801879883
0.014359235763549805
0.012648820877075195
0.014457225799560547
0.0277707576751709
0.013602018356323242
0.01719379425048828
0.018899202346801758
0.012897014617919922
0.014034748077392578
0.011041879653930664
0.015193700790405273
0.017285585403442383
0.0807490348815918
0.013959646224975586
0.011179447174072266
0.010181665420532227
0.013956308364868164
0.01465749740600586
0.013264656066894531
0.014516115188598633
0.015204429626464844
0.01174783706665039
0.01418447494506836
0.013341188430786133
0.012834548950195312
0.01158285140991211
0.013530492782592773
0.013767719268798828
0.01418614387512207
0.01360177993774414
0.01474761962890625
0.0189969539642334
0.013849735260009766
0.029276609420776367
0.01912689208984375
0.012915611267089844
0.014643192291259766
0.0179746150970459
0.024875879287719727
0.013962268829345703
0.01389455795288086
0.01384735107421875
0.011131763458251953
0.014481782913208008
0.013934850692749023
0.014132261276245117
0.011357307434082031
0.058727264404296875
0.015910625457763672
0.012448549270629883
0.015357017517089844
0.015015602111816406
0.011495590209960938
