0.008051633834838867
0.012952089309692383
0.010799646377563477
0.011233329772949219
0.011209726333618164
0.007355928421020508
0.01231074333190918
0.011094093322753906
0.010838508605957031
0.008333921432495117
0.012730121612548828
0.010736227035522461
0.010984659194946289
0.007997274398803711
0.010468244552612305
0.007643699645996094
0.008056402206420898
0.009682893753051758
0.011574983596801758
0.009546756744384766
0.011724233627319336
0.019078493118286133
0.008429288864135742
0.01145172119140625
0.009231090545654297
0.011144876480102539
0.009412288665771484
0.007790803909301758
0.007904052734375
0.011114358901977539
0.009815216064453125
0.007235050201416016
0.011637210845947266
0.009581804275512695
0.007558584213256836
0.009786367416381836
0.010309934616088867
0.010708093643188477
0.011453628540039062
0.010651111602783203
0.008941411972045898
0.010676860809326172
0.010743141174316406
0.010159015655517578
0.0103912353515625
0.008530855178833008
0.008105278015136719
0.009983539581298828
0.009668111801147461
0.012343168258666992
0.009134292602539062
0.009848833084106445
0.010782241821289062
0.00806117057800293
0.020144939422607422
0.016256332397460938
0.00845646858215332
0.011789083480834961
0.010399580001831055
0.0073049068450927734
0.010376453399658203
0.011039257049560547
0.008211374282836914
0.010067224502563477
0.011902093887329102
0.009866476058959961
0.010916948318481445
0.0077571868896484375
0.007348775863647461
0.011749505996704102
0.009789705276489258
0.009160280227661133
0.00805211067199707
0.010466814041137695
0.008861064910888672
0.010043144226074219
0.009695053100585938
0.01040339469909668
0.010297298431396484
0.02684497833251953
0.008807182312011719
0.010728597640991211
0.009928464889526367
0.010158777236938477
0.01103520393371582
0.0071947574615478516
0.010112762451171875
0.010500669479370117
0.009505748748779297
0.008181571960449219
0.011127710342407227
0.009999752044677734
0.011027812957763672
0.007982254028320312
0.023313522338867188
0.011374473571777344
0.00800180435180664
0.011659860610961914
0.011883735656738281
0.007806539535522461
