0.012799978256225586
0.013406038284301758
0.013391256332397461
0.012969017028808594
0.01402592658996582
0.010790109634399414
0.014582633972167969
0.012531280517578125
0.01597738265991211
0.011713743209838867
0.014219999313354492
0.01306009292602539
0.01315450668334961
0.01082754135131836
0.013644695281982422
0.012495279312133789
0.010608196258544922
0.01283574104309082
0.013766288757324219
0.01148676872253418
0.01319122314453125
0.013594388961791992
0.010946273803710938
0.013619661331176758
0.013344526290893555
0.013094902038574219
0.012153863906860352
0.010457754135131836
0.012255191802978516
0.014561653137207031
0.013746261596679688
0.010904550552368164
0.014231443405151367
0.01420140266418457
0.011381864547729492
0.013612031936645508
0.013206958770751953
0.011859416961669922
0.014353513717651367
0.01997852325439453
0.011364936828613281
0.013457775115966797
0.015356063842773438
0.01144099235534668
0.013556241989135742
0.010911703109741211
0.011385440826416016
0.013521671295166016
0.012807846069335938
0.0177004337310791
0.010616540908813477
0.013055086135864258
0.012744903564453125
0.012269258499145508
0.013506889343261719
0.014169454574584961
0.011629819869995117
0.013634920120239258
0.014060020446777344
0.012138843536376953
0.014390707015991211
0.010686159133911133
0.010610103607177734
0.01256251335144043
0.013290166854858398
0.013219356536865234
0.013956308364868164
0.012888431549072266
0.011373043060302734
0.013760805130004883
0.0212399959564209
0.010826349258422852
0.010574102401733398
0.013410568237304688
0.01159524917602539
0.025423288345336914
0.014906883239746094
0.015401601791381836
0.013057947158813477
0.012832164764404297
0.011275053024291992
0.014395713806152344
0.01332712173461914
0.01368093490600586
0.014285087585449219
0.010156631469726562
0.014035940170288086
0.012454032897949219
0.012489795684814453
0.011311054229736328
0.013030529022216797
0.013063430786132812
0.01353311538696289
0.010757684707641602
0.013960123062133789
0.013706684112548828
0.011490106582641602
0.014968633651733398
0.016396760940551758
0.011066913604736328
