0.00011157989501953125
3.719329833984375e-05
3.2901763916015625e-05
3.170967102050781e-05
3.0517578125e-05
3.075599670410156e-05
3.0040740966796875e-05
3.0517578125e-05
3.0279159545898438e-05
2.9325485229492188e-05
3.2901763916015625e-05
3.337860107421875e-05
3.361701965332031e-05
3.314018249511719e-05
3.337860107421875e-05
3.314018249511719e-05
3.409385681152344e-05
3.409385681152344e-05
3.457069396972656e-05
3.361701965332031e-05
3.3855438232421875e-05
3.361701965332031e-05
3.933906555175781e-05
3.337860107421875e-05
3.409385681152344e-05
3.647804260253906e-05
3.2901763916015625e-05
3.409385681152344e-05
3.0517578125e-05
3.123283386230469e-05
3.361701965332031e-05
3.0279159545898438e-05
3.1948089599609375e-05
3.0279159545898438e-05
3.1948089599609375e-05
2.956390380859375e-05
3.147125244140625e-05
2.956390380859375e-05
2.9325485229492188e-05
2.8848648071289062e-05
2.86102294921875e-05
2.9325485229492188e-05
2.8848648071289062e-05
2.9325485229492188e-05
2.9325485229492188e-05
2.956390380859375e-05
2.956390380859375e-05
2.8848648071289062e-05
2.9087066650390625e-05
2.8371810913085938e-05
2.7894973754882812e-05
2.86102294921875e-05
2.8133392333984375e-05
2.86102294921875e-05
2.8371810913085938e-05
2.86102294921875e-05
2.8133392333984375e-05
3.3855438232421875e-05
2.8371810913085938e-05
2.7894973754882812e-05
2.8371810913085938e-05
2.86102294921875e-05
2.86102294921875e-05
2.8133392333984375e-05
2.86102294921875e-05
2.86102294921875e-05
2.9325485229492188e-05
2.86102294921875e-05
2.86102294921875e-05
2.8371810913085938e-05
2.8371810913085938e-05
3.504753112792969e-05
3.0040740966796875e-05
3.0279159545898438e-05
2.86102294921875e-05
2.8848648071289062e-05
0.00012183189392089844
5.173683166503906e-05
3.075599670410156e-05
2.8848648071289062e-05
2.9087066650390625e-05
2.86102294921875e-05
2.8371810913085938e-05
2.8848648071289062e-05
2.8371810913085938e-05
2.8371810913085938e-05
2.8133392333984375e-05
2.8848648071289062e-05
2.7894973754882812e-05
2.7894973754882812e-05
2.9087066650390625e-05
2.8371810913085938e-05
2.8371810913085938e-05
2.8371810913085938e-05
2.8133392333984375e-05
2.7894973754882812e-05
2.765655517578125e-05
2.7894973754882812e-05
2.8848648071289062e-05
2.956390380859375e-05
