0.00017118453979492188
8.416175842285156e-05
8.0108642578125e-05
8.082389831542969e-05
7.963180541992188e-05
7.987022399902344e-05
8.273124694824219e-05
7.891654968261719e-05
7.891654968261719e-05
7.939338684082031e-05
7.915496826171875e-05
7.939338684082031e-05
7.963180541992188e-05
7.843971252441406e-05
7.987022399902344e-05
7.915496826171875e-05
7.796287536621094e-05
7.867813110351562e-05
7.939338684082031e-05
7.843971252441406e-05
8.630752563476562e-05
0.0001499652862548828
8.058547973632812e-05
7.843971252441406e-05
8.702278137207031e-05
7.915496826171875e-05
7.939338684082031e-05
7.891654968261719e-05
8.106231689453125e-05
8.0108642578125e-05
8.034706115722656e-05
7.987022399902344e-05
7.843971252441406e-05
8.082389831542969e-05
8.535385131835938e-05
7.987022399902344e-05
7.82012939453125e-05
7.939338684082031e-05
7.915496826171875e-05
7.939338684082031e-05
7.772445678710938e-05
7.915496826171875e-05
7.939338684082031e-05
7.915496826171875e-05
7.796287536621094e-05
7.987022399902344e-05
7.82012939453125e-05
8.0108642578125e-05
7.82012939453125e-05
8.0108642578125e-05
7.724761962890625e-05
7.843971252441406e-05
7.963180541992188e-05
8.463859558105469e-05
7.867813110351562e-05
8.463859558105469e-05
7.939338684082031e-05
7.82012939453125e-05
7.939338684082031e-05
8.320808410644531e-05
0.00011181831359863281
7.867813110351562e-05
7.963180541992188e-05
7.843971252441406e-05
7.915496826171875e-05
7.867813110351562e-05
7.987022399902344e-05
7.82012939453125e-05
7.700920104980469e-05
8.463859558105469e-05
7.843971252441406e-05
7.891654968261719e-05
8.440017700195312e-05
7.843971252441406e-05
8.0108642578125e-05
7.915496826171875e-05
7.987022399902344e-05
7.939338684082031e-05
7.867813110351562e-05
7.915496826171875e-05
7.867813110351562e-05
7.82012939453125e-05
7.891654968261719e-05
8.368492126464844e-05
7.963180541992188e-05
7.867813110351562e-05
7.891654968261719e-05
7.963180541992188e-05
8.0108642578125e-05
7.963180541992188e-05
8.0108642578125e-05
8.535385131835938e-05
7.82012939453125e-05
7.891654968261719e-05
7.939338684082031e-05
8.058547973632812e-05
9.1552734375e-05
8.058547973632812e-05
7.915496826171875e-05
8.0108642578125e-05
