0.007181882858276367
0.010048866271972656
0.009766817092895508
0.009928464889526367
0.010776519775390625
0.007658243179321289
0.010422706604003906
0.010156393051147461
0.009633541107177734
0.00824427604675293
0.010671138763427734
0.009850740432739258
0.011246442794799805
0.008621454238891602
0.01043558120727539
0.007341861724853516
0.007398843765258789
0.009861469268798828
0.01172780990600586
0.0073795318603515625
0.010144233703613281
0.010059118270874023
0.0077474117279052734
0.010199308395385742
0.007534027099609375
0.010079383850097656
0.009163618087768555
0.00726628303527832
0.007330179214477539
0.010099172592163086
0.010129213333129883
0.007490396499633789
0.01073908805847168
0.009902000427246094
0.007339000701904297
0.00943613052368164
0.009360074996948242
0.0074253082275390625
0.010375738143920898
0.010497570037841797
0.008157968521118164
0.010160207748413086
0.009176969528198242
0.0070989131927490234
0.009918451309204102
0.007973909378051758
0.007483720779418945
0.010070562362670898
0.010874509811401367
0.010002613067626953
0.007207393646240234
0.010907649993896484
0.009667634963989258
0.007875204086303711
0.01041102409362793
0.01019740104675293
0.007555246353149414
0.01018834114074707
0.010537147521972656
0.006735324859619141
0.009856462478637695
0.006649017333984375
0.0072557926177978516
0.010110855102539062
0.009890556335449219
0.009397506713867188
0.009163618087768555
0.007152557373046875
0.007416248321533203
0.010033369064331055
0.009823083877563477
0.007385969161987305
0.007248401641845703
0.0100555419921875
0.006912708282470703
0.009717702865600586
0.009470701217651367
0.010209798812866211
0.01011514663696289
0.00958395004272461
0.00683903694152832
0.009677410125732422
0.009798288345336914
0.009996891021728516
0.010094881057739258
0.007198810577392578
0.010118961334228516
0.009334564208984375
0.010006189346313477
0.007341861724853516
0.010630369186401367
0.009619712829589844
0.01003885269165039
0.007416725158691406
0.009753227233886719
0.01196742057800293
0.00782465934753418
0.010372638702392578
0.010386466979980469
0.0069997310638427734
