0.007666826248168945
0.011167526245117188
0.011111259460449219
0.00973963737487793
0.00965118408203125
0.007756233215332031
0.01019287109375
0.012543678283691406
0.009751558303833008
0.010078907012939453
0.022698402404785156
0.010037899017333984
0.009884834289550781
0.007947206497192383
0.010214805603027344
0.007365703582763672
0.007593870162963867
0.009922981262207031
0.010989665985107422
0.007837295532226562
0.010224342346191406
0.010682106018066406
0.007424354553222656
0.022273778915405273
0.00800323486328125
0.009827375411987305
0.010083913803100586
0.007110118865966797
0.007451534271240234
0.01072072982788086
0.013589859008789062
0.01260232925415039
0.01043558120727539
0.00947880744934082
0.017080307006835938
0.010657072067260742
0.009804725646972656
0.0072591304779052734
0.009964466094970703
0.009168386459350586
0.00737762451171875
0.011184215545654297
0.009941577911376953
0.008524179458618164
0.009819269180297852
0.01747298240661621
0.007596492767333984
0.00987696647644043
0.010428905487060547
0.009969472885131836
0.007373809814453125
0.010372400283813477
0.009774923324584961
0.007746219635009766
0.010341167449951172
0.010238170623779297
0.007433652877807617
0.010550260543823242
0.010379791259765625
0.0072917938232421875
0.00931859016418457
0.007297992706298828
0.007165431976318359
0.010206460952758789
0.010266542434692383
0.00973820686340332
0.010543107986450195
0.007704019546508789
0.007299900054931641
0.010350465774536133
0.009300708770751953
0.007233381271362305
0.007462501525878906
0.010389328002929688
0.008154630661010742
0.011086225509643555
0.0101470947265625
0.010090112686157227
0.010065078735351562
0.0106964111328125
0.0073053836822509766
0.011770486831665039
0.010221242904663086
0.017325162887573242
0.014242172241210938
0.014219284057617188
0.010670661926269531
0.009589195251464844
0.012270450592041016
0.007613658905029297
0.010410070419311523
0.009674072265625
0.00983738899230957
0.010442733764648438
0.010770082473754883
0.01045083999633789
0.008054018020629883
0.011245489120483398
0.010551214218139648
0.008164644241333008
