0.007218360900878906
0.009354352951049805
0.009298324584960938
0.0233919620513916
0.01011514663696289
0.007177114486694336
0.007432460784912109
0.009550094604492188
0.009716272354125977
0.006916999816894531
0.007135629653930664
0.00940394401550293
0.009600639343261719
0.007200002670288086
0.01009511947631836
0.007458686828613281
0.007766246795654297
0.009483814239501953
0.010064840316772461
0.007373332977294922
0.010195016860961914
0.007387638092041016
0.00778651237487793
0.009536981582641602
0.00744175910949707
0.010297298431396484
0.012408256530761719
0.008187055587768555
0.007524728775024414
0.009339332580566406
0.009431123733520508
0.011285543441772461
0.007302761077880859
0.013082504272460938
0.007971525192260742
0.009458780288696289
0.010378837585449219
0.007365226745605469
0.0074405670166015625
0.008860588073730469
0.007926464080810547
0.010509490966796875
0.009255170822143555
0.008252143859863281
0.01088857650756836
0.007550716400146484
0.008359193801879883
0.011115312576293945
0.010640621185302734
0.00897359848022461
0.007895231246948242
0.010033369064331055
0.011893510818481445
0.008190155029296875
0.010467290878295898
0.007338047027587891
0.008950948715209961
0.010238409042358398
0.0103759765625
0.007936716079711914
0.010227680206298828
0.007328033447265625
0.007959127426147461
0.011524200439453125
0.007936716079711914
0.010023832321166992
0.011349678039550781
0.00871586799621582
0.0079803466796875
0.011207818984985352
0.010388612747192383
0.007693767547607422
0.007863044738769531
0.01047062873840332
0.0077362060546875
0.010875225067138672
0.011269092559814453
0.0075893402099609375
0.007832527160644531
0.010312557220458984
0.008354425430297852
0.01042032241821289
0.009817361831665039
0.007405757904052734
0.010013103485107422
0.00748896598815918
0.007414579391479492
0.010381698608398438
0.009919881820678711
0.0074405670166015625
0.007415294647216797
0.009339570999145508
0.015592336654663086
0.013933897018432617
0.010039329528808594
0.007166624069213867
0.007255077362060547
0.009634256362915039
0.009730339050292969
0.007355690002441406
