0.012238025665283203
0.013155937194824219
0.01356649398803711
0.013269424438476562
0.014369010925292969
0.010254621505737305
0.014122962951660156
0.013000249862670898
0.01285099983215332
0.011179685592651367
0.012459039688110352
0.012907743453979492
0.014694452285766602
0.01282191276550293
0.013477325439453125
0.010903358459472656
0.010252952575683594
0.01382756233215332
0.013186216354370117
0.010855436325073242
0.012942075729370117
0.014223098754882812
0.010589361190795898
0.013672828674316406
0.013183355331420898
0.013556241989135742
0.013322591781616211
0.01096034049987793
0.010521411895751953
0.014050483703613281
0.014636993408203125
0.011682510375976562
0.015829801559448242
0.01369333267211914
0.015069007873535156
0.014078855514526367
0.014009714126586914
0.011736869812011719
0.014004230499267578
0.014497518539428711
0.015977144241333008
0.013350963592529297
0.013520956039428711
0.011356592178344727
0.013772010803222656
0.011263132095336914
0.012466669082641602
0.013719797134399414
0.012495994567871094
0.013400554656982422
0.011559247970581055
0.013672113418579102
0.012983322143554688
0.010964155197143555
0.013737678527832031
0.014001846313476562
0.011144161224365234
0.013964653015136719
0.013621807098388672
0.011101007461547852
0.013635635375976562
0.011916160583496094
0.010995149612426758
0.013069868087768555
0.013610601425170898
0.013932228088378906
0.013380765914916992
0.012849807739257812
0.011718034744262695
0.014793157577514648
0.013628244400024414
0.010682344436645508
0.011293649673461914
0.012883663177490234
0.011148452758789062
0.013502359390258789
0.013825654983520508
0.014009475708007812
0.012300252914428711
0.013709068298339844
0.013529539108276367
0.013615846633911133
0.01326751708984375
0.015156269073486328
0.015551090240478516
0.011862039566040039
0.015753984451293945
0.01319742202758789
0.012952089309692383
0.011452674865722656
0.014213085174560547
0.013273000717163086
0.015123844146728516
0.017505645751953125
0.02789759635925293
0.01792621612548828
0.012105703353881836
0.015326976776123047
0.015432119369506836
0.011424064636230469
