0.01172637939453125
0.014784097671508789
0.013758659362792969
0.013784170150756836
0.01337575912475586
0.011606931686401367
0.013808012008666992
0.012897968292236328
0.01363515853881836
0.01119375228881836
0.01585531234741211
0.013685226440429688
0.013285160064697266
0.011209726333618164
0.024926185607910156
0.010337591171264648
0.010967493057250977
0.01272892951965332
0.013395309448242188
0.010232210159301758
0.012511730194091797
0.014034271240234375
0.010799407958984375
0.012881755828857422
0.011185884475708008
0.012902975082397461
0.013790369033813477
0.010297298431396484
0.010802030563354492
0.013612985610961914
0.013144254684448242
0.010795831680297852
0.014136552810668945
0.01357412338256836
0.010924339294433594
0.013036012649536133
0.014165163040161133
0.012004375457763672
0.014311075210571289
0.012859582901000977
0.010944366455078125
0.014171838760375977
0.016173601150512695
0.011048555374145508
0.013424396514892578
0.01101231575012207
0.011301994323730469
0.013271093368530273
0.013246774673461914
0.01723790168762207
0.011587142944335938
0.012962102890014648
0.013533830642700195
0.011098861694335938
0.014137506484985352
0.016605854034423828
0.010680437088012695
0.017910480499267578
0.017736434936523438
0.011278629302978516
0.013781547546386719
0.012295007705688477
0.010817766189575195
0.013141870498657227
0.02198481559753418
0.013561248779296875
0.02282094955444336
0.01219630241394043
0.011096715927124023
0.017563343048095703
0.01376032829284668
0.010886907577514648
0.010717391967773438
0.01237344741821289
0.011322021484375
0.013231039047241211
0.014940261840820312
0.013656139373779297
0.013990640640258789
0.013374805450439453
0.011289358139038086
0.01367330551147461
0.012865781784057617
0.013506650924682617
0.015491008758544922
0.010255813598632812
0.013828039169311523
0.013692378997802734
0.012507200241088867
0.010486841201782227
0.015758275985717773
0.013209819793701172
0.016327381134033203
0.011433601379394531
0.016928434371948242
0.014373540878295898
0.011144876480102539
0.016034841537475586
0.017745256423950195
0.011569976806640625
