0.0001735687255859375
8.082389831542969e-05
7.963180541992188e-05
7.963180541992188e-05
7.772445678710938e-05
7.891654968261719e-05
7.772445678710938e-05
7.462501525878906e-05
7.390975952148438e-05
7.271766662597656e-05
7.43865966796875e-05
7.319450378417969e-05
7.224082946777344e-05
7.343292236328125e-05
7.2479248046875e-05
7.462501525878906e-05
7.414817810058594e-05
7.2479248046875e-05
7.796287536621094e-05
7.176399230957031e-05
7.510185241699219e-05
0.00014257431030273438
7.390975952148438e-05
7.319450378417969e-05
7.367134094238281e-05
7.390975952148438e-05
7.62939453125e-05
7.62939453125e-05
8.153915405273438e-05
7.605552673339844e-05
7.62939453125e-05
7.557868957519531e-05
7.653236389160156e-05
8.177757263183594e-05
7.867813110351562e-05
7.867813110351562e-05
7.82012939453125e-05
7.700920104980469e-05
7.724761962890625e-05
7.605552673339844e-05
7.677078247070312e-05
7.534027099609375e-05
7.581710815429688e-05
7.677078247070312e-05
8.153915405273438e-05
7.62939453125e-05
7.605552673339844e-05
7.510185241699219e-05
7.700920104980469e-05
7.581710815429688e-05
7.62939453125e-05
7.557868957519531e-05
7.677078247070312e-05
7.724761962890625e-05
7.62939453125e-05
7.700920104980469e-05
7.677078247070312e-05
7.62939453125e-05
7.796287536621094e-05
7.772445678710938e-05
7.605552673339844e-05
7.62939453125e-05
7.653236389160156e-05
7.796287536621094e-05
7.677078247070312e-05
7.653236389160156e-05
7.581710815429688e-05
7.581710815429688e-05
7.581710815429688e-05
7.557868957519531e-05
7.700920104980469e-05
7.62939453125e-05
7.653236389160156e-05
7.748603820800781e-05
7.677078247070312e-05
7.510185241699219e-05
7.581710815429688e-05
9.894371032714844e-05
7.677078247070312e-05
7.534027099609375e-05
7.581710815429688e-05
7.62939453125e-05
7.748603820800781e-05
8.273124694824219e-05
7.557868957519531e-05
7.772445678710938e-05
7.677078247070312e-05
7.724761962890625e-05
8.392333984375e-05
7.677078247070312e-05
7.534027099609375e-05
7.534027099609375e-05
7.700920104980469e-05
7.653236389160156e-05
7.62939453125e-05
7.486343383789062e-05
7.557868957519531e-05
7.915496826171875e-05
9.059906005859375e-05
7.772445678710938e-05
