0.0001800060272216797
8.392333984375e-05
8.058547973632812e-05
7.796287536621094e-05
7.700920104980469e-05
7.677078247070312e-05
8.0108642578125e-05
7.724761962890625e-05
7.653236389160156e-05
7.557868957519531e-05
7.653236389160156e-05
7.724761962890625e-05
7.748603820800781e-05
7.557868957519531e-05
7.700920104980469e-05
7.653236389160156e-05
7.534027099609375e-05
7.557868957519531e-05
7.534027099609375e-05
7.462501525878906e-05
7.867813110351562e-05
7.462501525878906e-05
7.605552673339844e-05
7.581710815429688e-05
7.534027099609375e-05
7.557868957519531e-05
7.43865966796875e-05
7.581710815429688e-05
7.581710815429688e-05
7.581710815429688e-05
7.62939453125e-05
7.700920104980469e-05
7.724761962890625e-05
7.557868957519531e-05
0.0001125335693359375
7.724761962890625e-05
8.273124694824219e-05
7.677078247070312e-05
7.557868957519531e-05
7.557868957519531e-05
7.557868957519531e-05
8.606910705566406e-05
7.939338684082031e-05
8.106231689453125e-05
8.511543273925781e-05
7.867813110351562e-05
7.891654968261719e-05
0.0001480579376220703
8.273124694824219e-05
7.963180541992188e-05
8.630752563476562e-05
7.939338684082031e-05
7.915496826171875e-05
7.963180541992188e-05
7.867813110351562e-05
8.630752563476562e-05
7.939338684082031e-05
7.891654968261719e-05
7.939338684082031e-05
7.891654968261719e-05
7.891654968261719e-05
7.915496826171875e-05
8.082389831542969e-05
7.987022399902344e-05
7.891654968261719e-05
9.131431579589844e-05
7.867813110351562e-05
7.677078247070312e-05
7.677078247070312e-05
7.581710815429688e-05
7.534027099609375e-05
8.249282836914062e-05
7.534027099609375e-05
7.534027099609375e-05
8.177757263183594e-05
7.414817810058594e-05
7.605552673339844e-05
7.557868957519531e-05
7.557868957519531e-05
8.296966552734375e-05
7.605552673339844e-05
8.153915405273438e-05
8.320808410644531e-05
7.724761962890625e-05
8.249282836914062e-05
7.557868957519531e-05
8.225440979003906e-05
7.462501525878906e-05
7.462501525878906e-05
7.653236389160156e-05
7.62939453125e-05
7.43865966796875e-05
7.534027099609375e-05
7.462501525878906e-05
8.106231689453125e-05
7.486343383789062e-05
7.462501525878906e-05
7.462501525878906e-05
8.249282836914062e-05
7.557868957519531e-05
