0.0077478885650634766
0.010906457901000977
0.010114431381225586
0.011723041534423828
0.010970592498779297
0.007199287414550781
0.010310173034667969
0.009723186492919922
0.009904146194458008
0.007694721221923828
0.01074075698852539
0.01068568229675293
0.009610176086425781
0.013423681259155273
0.009780168533325195
0.008066415786743164
0.007851600646972656
0.01042485237121582
0.010874509811401367
0.007297992706298828
0.009372472763061523
0.010487794876098633
0.028753995895385742
0.010357856750488281
0.007368564605712891
0.010245323181152344
0.009705781936645508
0.007828474044799805
0.007214784622192383
0.01004648208618164
0.010386228561401367
0.007389545440673828
0.010032415390014648
0.010541200637817383
0.007911920547485352
0.009967565536499023
0.009642362594604492
0.009896993637084961
0.011005401611328125
0.01047968864440918
0.0077359676361083984
0.010716915130615234
0.010194540023803711
0.007760524749755859
0.009792566299438477
0.007094383239746094
0.007693767547607422
0.010318994522094727
0.01044607162475586
0.010775566101074219
0.007084846496582031
0.010181903839111328
0.00998377799987793
0.007693767547607422
0.010272741317749023
0.010339736938476562
0.007267475128173828
0.010672807693481445
0.010819673538208008
0.007874727249145508
0.009760618209838867
0.007584810256958008
0.007813453674316406
0.010167837142944336
0.010970830917358398
0.011218547821044922
0.010741233825683594
0.007528543472290039
0.007794618606567383
0.030047178268432617
0.009954690933227539
0.007848024368286133
0.007485628128051758
0.010025501251220703
0.007821321487426758
0.011099100112915039
0.009115457534790039
0.010705947875976562
0.010767698287963867
0.010201215744018555
0.02115797996520996
0.011818170547485352
0.010000228881835938
0.010893821716308594
0.010556936264038086
0.00782155990600586
0.010542631149291992
0.009854316711425781
0.010123729705810547
0.007666587829589844
0.010002851486206055
0.009671688079833984
0.010533571243286133
0.007418155670166016
0.010230302810668945
0.011016845703125
0.007689476013183594
0.010777711868286133
0.010483741760253906
0.007087230682373047
