0.009173393249511719
0.011197328567504883
0.009104251861572266
0.0074350833892822266
0.009700775146484375
0.008809089660644531
0.011018753051757812
0.009508848190307617
0.01000070571899414
0.008129358291625977
0.009084701538085938
0.00976419448852539
0.011020183563232422
0.006998538970947266
0.016704082489013672
0.007664203643798828
0.007806539535522461
0.009938716888427734
0.010439157485961914
0.009151458740234375
0.010182380676269531
0.007534980773925781
0.01423192024230957
0.02572035789489746
0.008293628692626953
0.01001119613647461
0.00987696647644043
0.0069768428802490234
0.0072405338287353516
0.010423421859741211
0.009223699569702148
0.008053302764892578
0.007238864898681641
0.009688854217529297
0.008408784866333008
0.011438608169555664
0.010406970977783203
0.007314443588256836
0.007374286651611328
0.01745438575744629
0.019031286239624023
0.009163141250610352
0.009971141815185547
0.0077664852142333984
0.010056495666503906
0.008699655532836914
0.008111238479614258
0.010173559188842773
0.009757757186889648
0.009413957595825195
0.009459972381591797
0.009936094284057617
0.01618790626525879
0.011245965957641602
0.010485649108886719
0.008076190948486328
0.007966041564941406
0.010099172592163086
0.010083675384521484
0.014391422271728516
0.010052204132080078
0.0077877044677734375
0.007682085037231445
0.010267019271850586
0.007791280746459961
0.010016202926635742
0.009819984436035156
0.007184505462646484
0.02042388916015625
0.010122060775756836
0.010251760482788086
0.008233308792114258
0.007452726364135742
0.010423660278320312
0.007392168045043945
0.01103663444519043
0.01005101203918457
0.008476018905639648
0.0075948238372802734
0.009895563125610352
0.013191699981689453
0.010193347930908203
0.009839296340942383
0.007283210754394531
0.009991168975830078
0.007320880889892578
0.007181882858276367
0.013067483901977539
0.017327308654785156
0.016314268112182617
0.008001565933227539
0.009757280349731445
0.009040355682373047
0.0076122283935546875
0.009804248809814453
0.007534027099609375
0.007669925689697266
0.010409832000732422
0.009511709213256836
0.0077056884765625
