0.00017881393432617188
7.772445678710938e-05
7.414817810058594e-05
7.200241088867188e-05
7.128715515136719e-05
7.033348083496094e-05
7.534027099609375e-05
7.462501525878906e-05
7.510185241699219e-05
0.00010204315185546875
7.510185241699219e-05
7.486343383789062e-05
7.43865966796875e-05
7.510185241699219e-05
7.605552673339844e-05
7.557868957519531e-05
7.486343383789062e-05
7.390975952148438e-05
7.557868957519531e-05
7.43865966796875e-05
7.486343383789062e-05
7.43865966796875e-05
7.414817810058594e-05
7.486343383789062e-05
7.62939453125e-05
7.414817810058594e-05
7.43865966796875e-05
7.462501525878906e-05
8.0108642578125e-05
7.534027099609375e-05
7.390975952148438e-05
7.43865966796875e-05
7.605552673339844e-05
7.510185241699219e-05
7.390975952148438e-05
7.295608520507812e-05
7.271766662597656e-05
7.414817810058594e-05
7.605552673339844e-05
7.510185241699219e-05
7.462501525878906e-05
7.271766662597656e-05
7.390975952148438e-05
8.130073547363281e-05
7.390975952148438e-05
7.367134094238281e-05
7.367134094238281e-05
7.343292236328125e-05
8.0108642578125e-05
7.43865966796875e-05
7.2479248046875e-05
7.319450378417969e-05
7.224082946777344e-05
0.00010251998901367188
7.271766662597656e-05
7.2479248046875e-05
7.414817810058594e-05
7.2479248046875e-05
8.034706115722656e-05
7.414817810058594e-05
7.462501525878906e-05
7.43865966796875e-05
7.486343383789062e-05
7.534027099609375e-05
7.43865966796875e-05
7.43865966796875e-05
7.534027099609375e-05
7.43865966796875e-05
7.724761962890625e-05
7.462501525878906e-05
7.43865966796875e-05
0.00014901161193847656
7.486343383789062e-05
7.486343383789062e-05
7.510185241699219e-05
7.510185241699219e-05
7.414817810058594e-05
7.534027099609375e-05
8.058547973632812e-05
7.510185241699219e-05
7.390975952148438e-05
7.367134094238281e-05
7.390975952148438e-05
7.62939453125e-05
7.486343383789062e-05
7.486343383789062e-05
7.581710815429688e-05
7.486343383789062e-05
7.43865966796875e-05
7.414817810058594e-05
7.414817810058594e-05
7.486343383789062e-05
7.510185241699219e-05
7.462501525878906e-05
7.271766662597656e-05
7.510185241699219e-05
7.462501525878906e-05
7.557868957519531e-05
7.581710815429688e-05
7.510185241699219e-05
