0.007715702056884766
0.010413408279418945
0.00974273681640625
0.009983539581298828
0.011042594909667969
0.007989645004272461
0.010051488876342773
0.009343147277832031
0.01003885269165039
0.006918191909790039
0.010413169860839844
0.010219335556030273
0.009662151336669922
0.0073108673095703125
0.010257720947265625
0.006793975830078125
0.0075626373291015625
0.009731531143188477
0.010190486907958984
0.0071909427642822266
0.009797811508178711
0.010866880416870117
0.0075800418853759766
0.021611690521240234
0.007513761520385742
0.0096282958984375
0.010280609130859375
0.007081270217895508
0.007119417190551758
0.01083230972290039
0.010156393051147461
0.007395505905151367
0.010323286056518555
0.009757041931152344
0.007418155670166016
0.010009527206420898
0.009801864624023438
0.006852626800537109
0.010644197463989258
0.01011514663696289
0.007406711578369141
0.00989532470703125
0.009998083114624023
0.008394718170166016
0.009577512741088867
0.0071773529052734375
0.006932497024536133
0.01006770133972168
0.009406089782714844
0.01371312141418457
0.009015560150146484
0.009632349014282227
0.009974002838134766
0.007153511047363281
0.009822368621826172
0.010875701904296875
0.03966522216796875
0.019573211669921875
0.011005640029907227
0.007854700088500977
0.014366865158081055
0.0075261592864990234
0.007272243499755859
0.02779555320739746
0.01083064079284668
0.009890317916870117
0.01165914535522461
0.007429361343383789
0.007709026336669922
0.010639429092407227
0.009373664855957031
0.007806539535522461
0.008419990539550781
0.03551030158996582
0.00820302963256836
0.010091066360473633
0.009896516799926758
0.022194862365722656
0.010310173034667969
0.009574651718139648
0.0071904659271240234
0.010217666625976562
0.009845733642578125
0.009864091873168945
0.01013636589050293
0.007772922515869141
0.011936187744140625
0.010112762451171875
0.009764909744262695
0.0073451995849609375
0.01260519027709961
0.009925365447998047
0.009678363800048828
0.007234096527099609
0.009497404098510742
0.010986804962158203
0.007123708724975586
0.009199142456054688
0.010027885437011719
0.007647275924682617
