0.00017118453979492188
8.344650268554688e-05
7.43865966796875e-05
7.224082946777344e-05
7.271766662597656e-05
7.2479248046875e-05
7.176399230957031e-05
7.176399230957031e-05
7.176399230957031e-05
7.152557373046875e-05
7.104873657226562e-05
7.510185241699219e-05
7.462501525878906e-05
7.534027099609375e-05
9.870529174804688e-05
7.581710815429688e-05
7.62939453125e-05
0.0018150806427001953
7.62939453125e-05
7.271766662597656e-05
7.176399230957031e-05
7.271766662597656e-05
7.176399230957031e-05
7.224082946777344e-05
7.104873657226562e-05
7.176399230957031e-05
7.081031799316406e-05
7.009506225585938e-05
7.128715515136719e-05
7.05718994140625e-05
6.937980651855469e-05
7.581710815429688e-05
7.05718994140625e-05
7.009506225585938e-05
6.937980651855469e-05
6.961822509765625e-05
7.605552673339844e-05
6.961822509765625e-05
7.390975952148438e-05
7.700920104980469e-05
7.224082946777344e-05
7.200241088867188e-05
7.104873657226562e-05
7.033348083496094e-05
7.009506225585938e-05
6.985664367675781e-05
7.05718994140625e-05
6.961822509765625e-05
7.081031799316406e-05
7.081031799316406e-05
7.009506225585938e-05
6.914138793945312e-05
7.557868957519531e-05
7.104873657226562e-05
7.009506225585938e-05
7.224082946777344e-05
7.176399230957031e-05
7.104873657226562e-05
7.104873657226562e-05
7.05718994140625e-05
7.05718994140625e-05
6.961822509765625e-05
7.128715515136719e-05
7.271766662597656e-05
7.05718994140625e-05
7.152557373046875e-05
6.985664367675781e-05
7.009506225585938e-05
9.512901306152344e-05
7.05718994140625e-05
7.534027099609375e-05
6.985664367675781e-05
7.104873657226562e-05
7.104873657226562e-05
6.985664367675781e-05
6.985664367675781e-05
7.033348083496094e-05
6.961822509765625e-05
7.033348083496094e-05
7.081031799316406e-05
6.985664367675781e-05
6.937980651855469e-05
7.009506225585938e-05
6.985664367675781e-05
7.176399230957031e-05
7.009506225585938e-05
6.985664367675781e-05
7.200241088867188e-05
7.128715515136719e-05
7.104873657226562e-05
7.05718994140625e-05
7.033348083496094e-05
7.033348083496094e-05
6.890296936035156e-05
7.081031799316406e-05
7.05718994140625e-05
6.985664367675781e-05
6.914138793945312e-05
6.937980651855469e-05
7.224082946777344e-05
