0.033374786376953125
0.6604547500610352
0.013396739959716797
0.012964010238647461
0.012999534606933594
0.1820971965789795
0.014777421951293945
0.013692378997802734
0.013090848922729492
0.0120849609375
0.015378713607788086
0.018007516860961914
0.013376951217651367
0.012858867645263672
0.01293039321899414
0.011106252670288086
0.010741949081420898
0.013808488845825195
0.01568603515625
0.013413190841674805
0.013007640838623047
0.020663976669311523
0.013755083084106445
0.015323400497436523
0.025145769119262695
0.015494585037231445
0.013506174087524414
0.01081705093383789
0.012555122375488281
0.014047861099243164
0.014037370681762695
0.01975250244140625
0.013869524002075195
0.013703584671020508
0.01210165023803711
0.013111352920532227
0.013532161712646484
0.013939857482910156
0.014073848724365234
0.01332235336303711
0.017401933670043945
0.013426542282104492
0.01324319839477539
0.012106657028198242
0.01462244987487793
0.011322021484375
0.010472774505615234
0.013536453247070312
0.014429807662963867
0.01738595962524414
0.011557817459106445
0.014923810958862305
0.012771368026733398
0.010565757751464844
0.01681232452392578
0.014926671981811523
0.011053085327148438
0.015424728393554688
0.01987910270690918
0.011757135391235352
0.013087272644042969
0.020719528198242188
0.012435197830200195
0.017243623733520508
0.014026165008544922
0.017335176467895508
0.016340017318725586
0.012928962707519531
0.012355566024780273
0.014134407043457031
0.017977476119995117
0.0115966796875
0.011162757873535156
0.013738870620727539
0.01203155517578125
0.013775110244750977
0.013178586959838867
0.013376474380493164
0.013323545455932617
0.015424251556396484
0.01217961311340332
0.017444849014282227
0.013135194778442383
0.013915300369262695
0.012890815734863281
0.011275291442871094
0.019881010055541992
0.013080358505249023
0.013200521469116211
0.011206388473510742
0.014125347137451172
0.013496875762939453
0.013747692108154297
0.010955333709716797
0.013262748718261719
0.01375722885131836
0.010625600814819336
0.02569890022277832
0.013747930526733398
0.010736227035522461
