0.00017523765563964844
8.630752563476562e-05
7.534027099609375e-05
7.319450378417969e-05
7.271766662597656e-05
7.200241088867188e-05
8.296966552734375e-05
7.581710815429688e-05
7.62939453125e-05
7.462501525878906e-05
7.414817810058594e-05
7.462501525878906e-05
7.557868957519531e-05
0.0001499652862548828
7.534027099609375e-05
7.581710815429688e-05
8.0108642578125e-05
7.486343383789062e-05
7.62939453125e-05
8.034706115722656e-05
7.653236389160156e-05
8.106231689453125e-05
7.486343383789062e-05
7.677078247070312e-05
8.130073547363281e-05
7.462501525878906e-05
8.058547973632812e-05
7.43865966796875e-05
7.486343383789062e-05
0.00010061264038085938
7.534027099609375e-05
8.082389831542969e-05
7.486343383789062e-05
7.414817810058594e-05
7.486343383789062e-05
7.653236389160156e-05
8.034706115722656e-05
7.486343383789062e-05
7.390975952148438e-05
7.390975952148438e-05
7.390975952148438e-05
7.43865966796875e-05
7.367134094238281e-05
7.43865966796875e-05
8.058547973632812e-05
7.43865966796875e-05
7.462501525878906e-05
7.653236389160156e-05
7.581710815429688e-05
0.00013113021850585938
7.605552673339844e-05
7.843971252441406e-05
7.510185241699219e-05
7.486343383789062e-05
7.367134094238281e-05
7.343292236328125e-05
7.414817810058594e-05
7.343292236328125e-05
7.224082946777344e-05
7.104873657226562e-05
7.152557373046875e-05
7.104873657226562e-05
7.128715515136719e-05
7.033348083496094e-05
7.128715515136719e-05
7.104873657226562e-05
7.05718994140625e-05
7.104873657226562e-05
7.891654968261719e-05
7.128715515136719e-05
6.961822509765625e-05
7.05718994140625e-05
8.368492126464844e-05
7.152557373046875e-05
7.104873657226562e-05
7.653236389160156e-05
6.985664367675781e-05
7.081031799316406e-05
7.05718994140625e-05
0.00011444091796875
7.009506225585938e-05
7.05718994140625e-05
6.866455078125e-05
7.677078247070312e-05
6.961822509765625e-05
8.273124694824219e-05
7.009506225585938e-05
7.05718994140625e-05
7.152557373046875e-05
6.985664367675781e-05
7.677078247070312e-05
7.05718994140625e-05
7.009506225585938e-05
7.486343383789062e-05
9.131431579589844e-05
7.2479248046875e-05
7.081031799316406e-05
7.05718994140625e-05
7.677078247070312e-05
6.961822509765625e-05
