0.007408857345581055
0.009582757949829102
0.009426355361938477
0.007258415222167969
0.01727890968322754
0.007107734680175781
0.008371353149414062
0.01001596450805664
0.010503530502319336
0.00777435302734375
0.008143424987792969
0.00957798957824707
0.010313272476196289
0.008348226547241211
0.010315895080566406
0.007590293884277344
0.007616519927978516
0.010552406311035156
0.010068893432617188
0.007333993911743164
0.010284662246704102
0.007206439971923828
0.011120319366455078
0.010094881057739258
0.007887840270996094
0.010121345520019531
0.015172958374023438
0.011765718460083008
0.01648688316345215
0.010462760925292969
0.010062217712402344
0.008478164672851562
0.007897138595581055
0.009447574615478516
0.0075533390045166016
0.010326623916625977
0.010088443756103516
0.008182764053344727
0.007241249084472656
0.009714365005493164
0.00755620002746582
0.010280132293701172
0.009862422943115234
0.007650852203369141
0.010004758834838867
0.007552146911621094
0.008322715759277344
0.010358095169067383
0.009490966796875
0.0073795318603515625
0.007627725601196289
0.009689569473266602
0.01061701774597168
0.008352994918823242
0.010038375854492188
0.008145809173583984
0.008138656616210938
0.00987386703491211
0.009623527526855469
0.007203102111816406
0.010201692581176758
0.010657548904418945
0.0076825618743896484
0.009443044662475586
0.008063077926635742
0.010456562042236328
0.010439157485961914
0.007883548736572266
0.007725715637207031
0.010010957717895508
0.010141849517822266
0.007643699645996094
0.0077326297760009766
0.010175943374633789
0.008000373840332031
0.01053929328918457
0.00992584228515625
0.008100032806396484
0.009615421295166016
0.01028299331665039
0.007930994033813477
0.010622262954711914
0.00963735580444336
0.007540464401245117
0.009733200073242188
0.007301807403564453
0.0070683956146240234
0.01029515266418457
0.012316226959228516
0.007870674133300781
0.008883953094482422
0.010307788848876953
0.009924888610839844
0.007665157318115234
0.009872198104858398
0.008379936218261719
0.008925914764404297
0.011220455169677734
0.010488748550415039
0.0077745914459228516
