0.00010275840759277344
3.8623809814453125e-05
3.337860107421875e-05
3.2901763916015625e-05
3.1948089599609375e-05
3.170967102050781e-05
3.0994415283203125e-05
3.075599670410156e-05
3.0279159545898438e-05
3.0994415283203125e-05
3.0994415283203125e-05
3.0279159545898438e-05
3.147125244140625e-05
3.075599670410156e-05
3.075599670410156e-05
2.956390380859375e-05
3.123283386230469e-05
3.6716461181640625e-05
3.600120544433594e-05
3.075599670410156e-05
3.2901763916015625e-05
3.314018249511719e-05
3.2901763916015625e-05
3.170967102050781e-05
3.2901763916015625e-05
3.1948089599609375e-05
3.4332275390625e-05
3.0994415283203125e-05
3.409385681152344e-05
2.956390380859375e-05
0.0001239776611328125
5.435943603515625e-05
3.314018249511719e-05
3.0994415283203125e-05
3.0040740966796875e-05
3.24249267578125e-05
3.218650817871094e-05
2.9802322387695312e-05
2.9802322387695312e-05
2.9087066650390625e-05
2.956390380859375e-05
2.956390380859375e-05
3.0040740966796875e-05
2.9802322387695312e-05
2.9802322387695312e-05
2.9802322387695312e-05
3.0279159545898438e-05
2.956390380859375e-05
2.956390380859375e-05
2.9325485229492188e-05
2.9087066650390625e-05
2.8848648071289062e-05
2.9802322387695312e-05
3.0279159545898438e-05
3.0279159545898438e-05
2.956390380859375e-05
2.86102294921875e-05
2.9087066650390625e-05
2.8848648071289062e-05
2.9087066650390625e-05
2.86102294921875e-05
2.8848648071289062e-05
2.7894973754882812e-05
2.8848648071289062e-05
2.86102294921875e-05
2.9087066650390625e-05
2.8371810913085938e-05
2.86102294921875e-05
2.86102294921875e-05
2.7894973754882812e-05
2.7894973754882812e-05
2.7894973754882812e-05
2.8371810913085938e-05
2.9087066650390625e-05
2.8848648071289062e-05
2.8848648071289062e-05
2.956390380859375e-05
2.8848648071289062e-05
2.86102294921875e-05
2.8371810913085938e-05
2.86102294921875e-05
2.7894973754882812e-05
2.8133392333984375e-05
2.8371810913085938e-05
2.8133392333984375e-05
2.8133392333984375e-05
2.7894973754882812e-05
2.7179718017578125e-05
2.8133392333984375e-05
2.8371810913085938e-05
2.8133392333984375e-05
2.7894973754882812e-05
2.8133392333984375e-05
2.8371810913085938e-05
2.9087066650390625e-05
2.8371810913085938e-05
2.8848648071289062e-05
2.8133392333984375e-05
2.8371810913085938e-05
2.8371810913085938e-05
