0.00795292854309082
0.011124134063720703
0.009803533554077148
0.010282516479492188
0.010104894638061523
0.007155418395996094
0.01036691665649414
0.009765386581420898
0.009436607360839844
0.007429361343383789
0.010073423385620117
0.009627819061279297
0.009992599487304688
0.007111072540283203
0.009202718734741211
0.01563286781311035
0.007070064544677734
0.010158538818359375
0.010863304138183594
0.007781028747558594
0.010205745697021484
0.009550333023071289
0.00751948356628418
0.01064610481262207
0.007875919342041016
0.010087013244628906
0.009670019149780273
0.00775599479675293
0.007545948028564453
0.009319782257080078
0.010610818862915039
0.00744175910949707
0.009752511978149414
0.009662628173828125
0.007694244384765625
0.010010719299316406
0.009183406829833984
0.007135868072509766
0.010042667388916016
0.009645938873291016
0.0072193145751953125
0.009787321090698242
0.00913095474243164
0.006961345672607422
0.009134292602539062
0.007029294967651367
0.007598876953125
0.009787559509277344
0.009557485580444336
0.009710311889648438
0.00751185417175293
0.010252714157104492
0.009777545928955078
0.007409334182739258
0.008990764617919922
0.010161638259887695
0.007269144058227539
0.013262271881103516
0.010824203491210938
0.007361650466918945
0.009475946426391602
0.007873058319091797
0.007898569107055664
0.00871419906616211
0.009860038757324219
0.009399890899658203
0.009766101837158203
0.006848573684692383
0.006586551666259766
0.009772539138793945
0.009239673614501953
0.007269620895385742
0.0070836544036865234
0.009406805038452148
0.007493734359741211
0.010150909423828125
0.010169744491577148
0.010058403015136719
0.010411500930786133
0.021617889404296875
0.007308006286621094
0.012257575988769531
0.00930929183959961
0.010853052139282227
0.009647130966186523
0.007737636566162109
0.009594917297363281
0.009763240814208984
0.009313821792602539
0.0071239471435546875
0.010251522064208984
0.009661674499511719
0.009518623352050781
0.0068988800048828125
0.009510993957519531
0.009529829025268555
0.007303714752197266
0.010179281234741211
0.010071039199829102
0.007474422454833984
