0.00010848045349121094
3.600120544433594e-05
3.314018249511719e-05
3.314018249511719e-05
3.24249267578125e-05
3.218650817871094e-05
3.218650817871094e-05
3.218650817871094e-05
3.147125244140625e-05
3.695487976074219e-05
3.314018249511719e-05
3.3855438232421875e-05
3.314018249511719e-05
3.3855438232421875e-05
3.361701965332031e-05
3.337860107421875e-05
3.4332275390625e-05
3.409385681152344e-05
3.409385681152344e-05
3.2901763916015625e-05
3.314018249511719e-05
0.0001277923583984375
3.361701965332031e-05
3.2901763916015625e-05
3.266334533691406e-05
3.7670135498046875e-05
3.600120544433594e-05
3.409385681152344e-05
3.361701965332031e-05
3.0994415283203125e-05
3.8623809814453125e-05
3.4332275390625e-05
3.409385681152344e-05
3.170967102050781e-05
3.2901763916015625e-05
3.147125244140625e-05
3.8623809814453125e-05
3.075599670410156e-05
3.075599670410156e-05
3.0040740966796875e-05
3.0040740966796875e-05
3.075599670410156e-05
3.2901763916015625e-05
3.337860107421875e-05
3.314018249511719e-05
3.337860107421875e-05
3.314018249511719e-05
3.24249267578125e-05
3.218650817871094e-05
3.24249267578125e-05
3.218650817871094e-05
3.24249267578125e-05
3.266334533691406e-05
3.218650817871094e-05
3.1948089599609375e-05
3.218650817871094e-05
3.24249267578125e-05
3.1948089599609375e-05
3.170967102050781e-05
3.170967102050781e-05
3.218650817871094e-05
3.170967102050781e-05
3.266334533691406e-05
3.314018249511719e-05
3.2901763916015625e-05
3.24249267578125e-05
3.266334533691406e-05
3.314018249511719e-05
3.266334533691406e-05
3.24249267578125e-05
3.218650817871094e-05
3.24249267578125e-05
3.1948089599609375e-05
3.24249267578125e-05
3.266334533691406e-05
3.2901763916015625e-05
3.2901763916015625e-05
3.24249267578125e-05
3.1948089599609375e-05
3.24249267578125e-05
3.218650817871094e-05
3.218650817871094e-05
3.218650817871094e-05
3.2901763916015625e-05
3.266334533691406e-05
3.24249267578125e-05
3.266334533691406e-05
3.266334533691406e-05
3.2901763916015625e-05
3.2901763916015625e-05
3.314018249511719e-05
3.24249267578125e-05
3.314018249511719e-05
3.266334533691406e-05
3.314018249511719e-05
3.218650817871094e-05
3.266334533691406e-05
3.24249267578125e-05
3.24249267578125e-05
3.266334533691406e-05
