0.0001862049102783203
8.344650268554688e-05
7.891654968261719e-05
7.772445678710938e-05
7.724761962890625e-05
7.677078247070312e-05
7.605552673339844e-05
8.0108642578125e-05
8.106231689453125e-05
8.749961853027344e-05
8.082389831542969e-05
8.0108642578125e-05
7.867813110351562e-05
7.939338684082031e-05
8.058547973632812e-05
8.058547973632812e-05
8.034706115722656e-05
7.987022399902344e-05
7.963180541992188e-05
8.153915405273438e-05
7.963180541992188e-05
7.677078247070312e-05
7.939338684082031e-05
0.00012040138244628906
7.939338684082031e-05
7.772445678710938e-05
7.677078247070312e-05
7.605552673339844e-05
0.0001361370086669922
7.605552673339844e-05
7.653236389160156e-05
7.557868957519531e-05
7.605552673339844e-05
7.605552673339844e-05
7.62939453125e-05
7.605552673339844e-05
7.748603820800781e-05
7.62939453125e-05
7.534027099609375e-05
7.557868957519531e-05
7.534027099609375e-05
7.724761962890625e-05
7.581710815429688e-05
7.843971252441406e-05
0.0001342296600341797
7.796287536621094e-05
7.700920104980469e-05
8.320808410644531e-05
7.534027099609375e-05
0.0001049041748046875
7.748603820800781e-05
7.534027099609375e-05
7.939338684082031e-05
7.915496826171875e-05
7.939338684082031e-05
8.0108642578125e-05
8.082389831542969e-05
8.0108642578125e-05
7.939338684082031e-05
7.963180541992188e-05
7.891654968261719e-05
7.915496826171875e-05
8.654594421386719e-05
8.296966552734375e-05
7.700920104980469e-05
7.653236389160156e-05
8.535385131835938e-05
7.963180541992188e-05
8.0108642578125e-05
7.677078247070312e-05
8.273124694824219e-05
7.677078247070312e-05
7.534027099609375e-05
7.581710815429688e-05
8.273124694824219e-05
7.772445678710938e-05
7.557868957519531e-05
7.724761962890625e-05
7.748603820800781e-05
7.486343383789062e-05
7.43865966796875e-05
7.557868957519531e-05
7.581710815429688e-05
7.581710815429688e-05
7.557868957519531e-05
8.20159912109375e-05
7.581710815429688e-05
7.605552673339844e-05
7.915496826171875e-05
7.843971252441406e-05
7.915496826171875e-05
8.988380432128906e-05
7.867813110351562e-05
8.392333984375e-05
7.581710815429688e-05
8.249282836914062e-05
7.939338684082031e-05
7.915496826171875e-05
7.843971252441406e-05
7.915496826171875e-05
