0.013619422912597656
0.01141500473022461
0.011365652084350586
0.008339643478393555
0.010117530822753906
0.00783991813659668
0.007638216018676758
0.010754585266113281
0.009793281555175781
0.007603883743286133
0.007859945297241211
0.010060787200927734
0.009159326553344727
0.007859230041503906
0.010879278182983398
0.007831335067749023
0.007250070571899414
0.010101079940795898
0.009964942932128906
0.007787227630615234
0.00947427749633789
0.007456779479980469
0.008550643920898438
0.010128498077392578
0.007267475128173828
0.010410785675048828
0.01161956787109375
0.007700920104980469
0.007798910140991211
0.018016338348388672
0.011456012725830078
0.007600307464599609
0.007912158966064453
0.01038360595703125
0.007765531539916992
0.009443044662475586
0.011718273162841797
0.007421970367431641
0.007529258728027344
0.010302543640136719
0.007776021957397461
0.01059865951538086
0.010096311569213867
0.014494180679321289
0.010379552841186523
0.008766412734985352
0.007269620895385742
0.011223793029785156
0.0101470947265625
0.0077362060546875
0.009037017822265625
0.011323690414428711
0.010785818099975586
0.008142232894897461
0.010676860809326172
0.00766754150390625
0.00724339485168457
0.010366678237915039
0.009721994400024414
0.0076808929443359375
0.01215362548828125
0.008063554763793945
0.010337591171264648
0.009481430053710938
0.008810758590698242
0.01188039779663086
0.010169029235839844
0.007622480392456055
0.008646488189697266
0.010998725891113281
0.010520219802856445
0.009044170379638672
0.008149862289428711
0.011013031005859375
0.015695810317993164
0.010405540466308594
0.0102691650390625
0.008317708969116211
0.008873462677001953
0.010540246963500977
0.007769107818603516
0.009864568710327148
0.011169910430908203
0.007989168167114258
0.011250972747802734
0.007424116134643555
0.007306575775146484
0.010017871856689453
0.010189056396484375
0.007725715637207031
0.008634090423583984
0.010135650634765625
0.010316848754882812
0.007973432540893555
0.010013818740844727
0.007300376892089844
0.008203268051147461
0.009554147720336914
0.009606122970581055
0.008827686309814453
