0.007519721984863281
0.009874343872070312
0.010560274124145508
0.010145425796508789
0.016303062438964844
0.00786137580871582
0.013891220092773438
0.009907960891723633
0.010579824447631836
0.007891416549682617
0.009992837905883789
0.010180950164794922
0.010571718215942383
0.00744938850402832
0.010112762451171875
0.007451057434082031
0.007298707962036133
0.009690999984741211
0.010406970977783203
0.007289409637451172
0.010120868682861328
0.010751008987426758
0.00733494758605957
0.010985374450683594
0.007472515106201172
0.009655475616455078
0.009054899215698242
0.007454872131347656
0.0074155330657958984
0.010834455490112305
0.010305166244506836
0.007660865783691406
0.01329946517944336
0.010275840759277344
0.007242918014526367
0.009755134582519531
0.009848356246948242
0.007680416107177734
0.01710820198059082
0.010627985000610352
0.009462594985961914
0.00999760627746582
0.011020421981811523
0.008380413055419922
0.011008262634277344
0.008017301559448242
0.007558584213256836
0.009690284729003906
0.010173320770263672
0.010184764862060547
0.007901668548583984
0.009731292724609375
0.009758949279785156
0.007946014404296875
0.010038137435913086
0.010378360748291016
0.007171630859375
0.010669708251953125
0.01018667221069336
0.0074274539947509766
0.01028299331665039
0.00768733024597168
0.0077457427978515625
0.009740114212036133
0.010922908782958984
0.009620428085327148
0.010535240173339844
0.007456302642822266
0.007586240768432617
0.010877609252929688
0.009623050689697266
0.008105278015136719
0.007258892059326172
0.009525537490844727
0.007868766784667969
0.010500431060791016
0.009819269180297852
0.010055303573608398
0.010835409164428711
0.011348485946655273
0.007641792297363281
0.010946035385131836
0.03928542137145996
0.011599540710449219
0.01048731803894043
0.00867462158203125
0.01157832145690918
0.01048731803894043
0.009197473526000977
0.007934808731079102
0.01171731948852539
0.010757207870483398
0.00961756706237793
0.009360313415527344
0.009181499481201172
0.010154962539672852
0.007499217987060547
0.009845495223999023
0.01025247573852539
0.007017850875854492
