0.7826070785522461
0.014893531799316406
0.013898849487304688
0.013746261596679688
0.013178825378417969
0.010909080505371094
0.012535810470581055
0.012984037399291992
0.013112783432006836
0.011960983276367188
0.020912885665893555
0.013407468795776367
0.013732671737670898
0.010513544082641602
0.013275384902954102
0.013086795806884766
0.01052403450012207
0.013480663299560547
0.013944149017333984
0.010980367660522461
0.015618562698364258
0.013102054595947266
0.011293649673461914
0.023087263107299805
0.011648893356323242
0.012892007827758789
0.012791633605957031
0.010623455047607422
0.011312007904052734
0.013433694839477539
0.01369786262512207
0.01138758659362793
0.01409912109375
0.012927770614624023
0.011101245880126953
0.012632369995117188
0.014281988143920898
0.010925531387329102
0.014484405517578125
0.01777195930480957
0.01103520393371582
0.01311802864074707
0.013464212417602539
0.010798215866088867
0.013582229614257812
0.016201019287109375
0.014594554901123047
0.013532638549804688
0.013365030288696289
0.013996601104736328
0.01333475112915039
0.012743949890136719
0.011802196502685547
0.011183023452758789
0.012447357177734375
0.020071983337402344
0.02270054817199707
0.01688528060913086
0.013357162475585938
0.015376567840576172
0.013386249542236328
0.013308525085449219
0.011293649673461914
0.013335227966308594
0.014177083969116211
0.013909578323364258
0.026860713958740234
0.011083841323852539
0.014693021774291992
0.014853954315185547
0.013041019439697266
0.011133909225463867
0.010808944702148438
0.012528657913208008
0.02767181396484375
0.027172565460205078
0.013233661651611328
0.01824021339416504
0.014303922653198242
0.013106346130371094
0.010771512985229492
0.015434026718139648
0.01310110092163086
0.013699769973754883
0.016849040985107422
0.019094228744506836
0.0264129638671875
0.021071910858154297
0.01383209228515625
0.010944843292236328
0.01958322525024414
0.014178276062011719
0.013863325119018555
0.010724067687988281
0.012336969375610352
0.014231443405151367
0.01115274429321289
0.016160249710083008
0.016322851181030273
0.010798215866088867
