0.013558626174926758
0.01449131965637207
0.015050888061523438
0.014508485794067383
0.013931751251220703
0.015810251235961914
0.014082908630371094
0.01329803466796875
0.014096975326538086
0.010657072067260742
0.014162540435791016
0.013756036758422852
0.013858556747436523
0.013670682907104492
0.016388893127441406
0.010879278182983398
0.011201143264770508
0.01368093490600586
0.015189647674560547
0.011892080307006836
0.014242410659790039
0.014453887939453125
0.014566898345947266
0.014078855514526367
0.01084136962890625
0.013127803802490234
0.013080358505249023
0.011116504669189453
0.010058164596557617
0.014925718307495117
0.016179323196411133
0.011136293411254883
0.014413118362426758
0.013762235641479492
0.016044139862060547
0.01475381851196289
0.014546632766723633
0.010792732238769531
0.0202176570892334
0.015844106674194336
0.011317253112792969
0.013725519180297852
0.013260364532470703
0.01102900505065918
0.012482881546020508
0.012053728103637695
0.01148533821105957
0.013087272644042969
0.013645172119140625
0.016947031021118164
0.010841608047485352
0.013785600662231445
0.01751708984375
0.011827945709228516
0.01409459114074707
0.014708518981933594
0.011447906494140625
0.014672279357910156
0.013481616973876953
0.011827707290649414
0.013111591339111328
0.010569334030151367
0.01083064079284668
0.015992164611816406
0.016386032104492188
0.013887882232666016
0.013898611068725586
0.01046133041381836
0.011540412902832031
0.014528989791870117
0.01357126235961914
0.011133909225463867
0.010835647583007812
0.013041019439697266
0.01071023941040039
0.013690471649169922
0.013766765594482422
0.015233516693115234
0.013978958129882812
0.013463258743286133
0.012186288833618164
0.013410329818725586
0.014577627182006836
0.015170574188232422
0.01338338851928711
0.013741016387939453
0.014435529708862305
0.0187530517578125
0.013238191604614258
0.010973691940307617
0.013871192932128906
0.01374506950378418
0.015238523483276367
0.010949850082397461
0.013459444046020508
0.013674020767211914
0.012307167053222656
0.015037059783935547
0.015141487121582031
0.011382818222045898
