0.8068759441375732
0.014215946197509766
0.017422199249267578
0.014415264129638672
0.01350092887878418
0.01201486587524414
0.013002872467041016
0.013288736343383789
0.014061212539672852
0.011929512023925781
0.013810157775878906
0.013345718383789062
0.01274418830871582
0.01189422607421875
0.013556718826293945
0.010590791702270508
0.010853052139282227
0.013228893280029297
0.01319265365600586
0.021718263626098633
0.013637542724609375
0.014325618743896484
0.011653423309326172
0.013944864273071289
0.01215672492980957
0.014036893844604492
0.013580560684204102
0.011097431182861328
0.0099334716796875
0.014108419418334961
0.013825654983520508
0.018220901489257812
0.01363682746887207
0.013386249542236328
0.011019706726074219
0.018505573272705078
0.013103961944580078
0.01157689094543457
0.013565301895141602
0.01299738883972168
0.011768579483032227
0.013186216354370117
0.013517379760742188
0.012464523315429688
0.014405965805053711
0.016733884811401367
0.011653900146484375
0.014510869979858398
0.013764381408691406
0.013025760650634766
0.026903390884399414
0.016470670700073242
0.012973308563232422
0.011513471603393555
0.01384282112121582
0.015068292617797852
0.011229991912841797
0.013735055923461914
0.01360177993774414
0.011366844177246094
0.01408243179321289
0.01132345199584961
0.010513544082641602
0.014131307601928711
0.014167070388793945
0.013093709945678711
0.0147857666015625
0.011144638061523438
0.011235237121582031
0.013926506042480469
0.012993812561035156
0.011224031448364258
0.010992288589477539
0.013815641403198242
0.011110544204711914
0.01475071907043457
0.015048027038574219
0.014469623565673828
0.019992589950561523
0.015192508697509766
0.010757207870483398
0.013906240463256836
0.01372385025024414
0.013685464859008789
0.013665914535522461
0.011228561401367188
0.014058828353881836
0.014122486114501953
0.014398813247680664
0.010944366455078125
0.012928962707519531
0.01276850700378418
0.013147592544555664
0.02612781524658203
0.025064706802368164
0.013092994689941406
0.011382818222045898
0.014343976974487305
0.013817071914672852
0.01044464111328125
