0.06058907508850098
0.5964441299438477
0.07101702690124512
0.013605833053588867
0.012606620788574219
0.04560208320617676
0.013301372528076172
0.014222145080566406
0.013597488403320312
0.012303829193115234
0.013184785842895508
0.013939142227172852
0.013021230697631836
0.011748790740966797
0.013063430786132812
0.011284828186035156
0.01189565658569336
0.012940406799316406
0.013935565948486328
0.011276006698608398
0.013535022735595703
0.02694249153137207
0.01630091667175293
0.014140844345092773
0.012282133102416992
0.015424013137817383
0.013782978057861328
0.011643648147583008
0.012052536010742188
0.014863014221191406
0.013866424560546875
0.012246370315551758
0.013683080673217773
0.013302087783813477
0.01157379150390625
0.016737937927246094
0.013112306594848633
0.011192798614501953
0.0140838623046875
0.01410818099975586
0.010920286178588867
0.01367497444152832
0.013600587844848633
0.012598514556884766
0.013093709945678711
0.011909961700439453
0.010756254196166992
0.012514114379882812
0.013101339340209961
0.014178991317749023
0.011624574661254883
0.01352548599243164
0.01370096206665039
0.01772284507751465
0.013007879257202148
0.013504266738891602
0.010726451873779297
0.013100862503051758
0.017403602600097656
0.010983943939208984
0.01419520378112793
0.011488676071166992
0.00997018814086914
0.013489961624145508
0.013050556182861328
0.013051986694335938
0.013895988464355469
0.010893583297729492
0.011099576950073242
0.013410091400146484
0.01378011703491211
0.011139869689941406
0.010404586791992188
0.013235330581665039
0.01152181625366211
0.013185262680053711
0.013974905014038086
0.013382673263549805
0.013549089431762695
0.014846324920654297
0.010746955871582031
0.01367330551147461
0.013177633285522461
0.013721227645874023
0.013521671295166016
0.011317014694213867
0.012948989868164062
0.014039039611816406
0.013669252395629883
0.011067867279052734
0.012962102890014648
0.014545440673828125
0.013544559478759766
0.0117034912109375
0.013766765594482422
0.013094663619995117
0.011342763900756836
0.01264643669128418
0.01362919807434082
0.012589693069458008
