0.00017333030700683594
7.891654968261719e-05
7.534027099609375e-05
7.62939453125e-05
7.462501525878906e-05
7.462501525878906e-05
7.319450378417969e-05
7.343292236328125e-05
7.176399230957031e-05
7.700920104980469e-05
7.343292236328125e-05
7.486343383789062e-05
7.867813110351562e-05
7.319450378417969e-05
7.128715515136719e-05
7.128715515136719e-05
7.271766662597656e-05
7.176399230957031e-05
7.176399230957031e-05
7.152557373046875e-05
7.224082946777344e-05
7.152557373046875e-05
7.367134094238281e-05
7.271766662597656e-05
7.2479248046875e-05
7.152557373046875e-05
7.557868957519531e-05
7.462501525878906e-05
7.2479248046875e-05
7.224082946777344e-05
7.128715515136719e-05
7.200241088867188e-05
7.152557373046875e-05
7.128715515136719e-05
7.271766662597656e-05
7.2479248046875e-05
7.200241088867188e-05
7.176399230957031e-05
7.843971252441406e-05
7.224082946777344e-05
7.200241088867188e-05
7.2479248046875e-05
7.104873657226562e-05
7.224082946777344e-05
7.2479248046875e-05
7.200241088867188e-05
7.224082946777344e-05
7.128715515136719e-05
7.104873657226562e-05
7.2479248046875e-05
7.200241088867188e-05
0.0001251697540283203
7.224082946777344e-05
7.152557373046875e-05
7.152557373046875e-05
7.224082946777344e-05
7.557868957519531e-05
7.295608520507812e-05
7.176399230957031e-05
7.224082946777344e-05
7.104873657226562e-05
7.224082946777344e-05
7.152557373046875e-05
7.152557373046875e-05
7.772445678710938e-05
7.2479248046875e-05
7.128715515136719e-05
7.104873657226562e-05
7.128715515136719e-05
7.176399230957031e-05
7.104873657226562e-05
7.271766662597656e-05
7.891654968261719e-05
7.891654968261719e-05
7.867813110351562e-05
7.367134094238281e-05
7.724761962890625e-05
7.176399230957031e-05
7.176399230957031e-05
7.128715515136719e-05
7.200241088867188e-05
7.104873657226562e-05
7.05718994140625e-05
7.05718994140625e-05
7.104873657226562e-05
7.748603820800781e-05
7.200241088867188e-05
7.176399230957031e-05
7.05718994140625e-05
7.128715515136719e-05
7.748603820800781e-05
7.176399230957031e-05
7.152557373046875e-05
7.081031799316406e-05
7.033348083496094e-05
7.128715515136719e-05
7.295608520507812e-05
7.343292236328125e-05
7.152557373046875e-05
7.104873657226562e-05
