0.00791311264038086
0.010172605514526367
0.011368989944458008
0.010758399963378906
0.012585163116455078
0.006883859634399414
0.009972810745239258
0.009537696838378906
0.009723186492919922
0.010337352752685547
0.01023554801940918
0.00983119010925293
0.01006007194519043
0.008020401000976562
0.00969552993774414
0.007882356643676758
0.00870966911315918
0.011763811111450195
0.01051640510559082
0.013024568557739258
0.011258125305175781
0.010678768157958984
0.007693290710449219
0.010572433471679688
0.009874820709228516
0.01026296615600586
0.009968996047973633
0.007811546325683594
0.007121086120605469
0.009734630584716797
0.012106180191040039
0.007392406463623047
0.02045607566833496
0.010071992874145508
0.009546518325805664
0.009941339492797852
0.013048171997070312
0.009574413299560547
0.01031184196472168
0.013183832168579102
0.007454395294189453
0.009551525115966797
0.010224580764770508
0.0076258182525634766
0.0095367431640625
0.008033990859985352
0.007539510726928711
0.009635210037231445
0.020290851593017578
0.010834693908691406
0.0075261592864990234
0.009748697280883789
0.010279417037963867
0.00772547721862793
0.009050130844116211
0.010449886322021484
0.007367849349975586
0.009916543960571289
0.009627819061279297
0.007500410079956055
0.012541532516479492
0.007338523864746094
0.006837368011474609
0.011459112167358398
0.022362470626831055
0.009903669357299805
0.009699583053588867
0.0071904659271240234
0.007097721099853516
0.010140657424926758
0.010120868682861328
0.007712125778198242
0.007752418518066406
0.009902238845825195
0.007700681686401367
0.010928153991699219
0.009197235107421875
0.011093854904174805
0.00994729995727539
0.009968757629394531
0.010581254959106445
0.01059269905090332
0.010974407196044922
0.009538888931274414
0.010333776473999023
0.008588314056396484
0.010595560073852539
0.010015010833740234
0.009692668914794922
0.009949684143066406
0.01025247573852539
0.009307384490966797
0.010117292404174805
0.007895469665527344
0.009813785552978516
0.01003575325012207
0.0075452327728271484
0.010325431823730469
0.00967097282409668
0.007047414779663086
