0.00011515617370605469
3.814697265625e-05
3.528594970703125e-05
4.124641418457031e-05
5.793571472167969e-05
3.409385681152344e-05
3.361701965332031e-05
3.314018249511719e-05
3.337860107421875e-05
3.337860107421875e-05
3.314018249511719e-05
3.337860107421875e-05
3.1948089599609375e-05
3.2901763916015625e-05
3.1948089599609375e-05
3.218650817871094e-05
3.314018249511719e-05
4.0531158447265625e-05
3.504753112792969e-05
3.552436828613281e-05
3.5762786865234375e-05
3.528594970703125e-05
3.600120544433594e-05
3.5762786865234375e-05
3.457069396972656e-05
3.552436828613281e-05
3.4809112548828125e-05
3.6716461181640625e-05
3.600120544433594e-05
3.218650817871094e-05
3.218650817871094e-05
3.4332275390625e-05
3.075599670410156e-05
3.2901763916015625e-05
3.3855438232421875e-05
3.2901763916015625e-05
3.24249267578125e-05
3.147125244140625e-05
3.123283386230469e-05
3.123283386230469e-05
3.123283386230469e-05
3.2901763916015625e-05
3.170967102050781e-05
3.218650817871094e-05
3.147125244140625e-05
3.0994415283203125e-05
3.170967102050781e-05
3.123283386230469e-05
3.075599670410156e-05
3.0279159545898438e-05
3.0517578125e-05
3.075599670410156e-05
3.0040740966796875e-05
3.409385681152344e-05
3.409385681152344e-05
3.4332275390625e-05
3.4332275390625e-05
3.4332275390625e-05
3.457069396972656e-05
3.4332275390625e-05
3.504753112792969e-05
3.457069396972656e-05
3.457069396972656e-05
3.504753112792969e-05
3.5762786865234375e-05
3.504753112792969e-05
3.528594970703125e-05
4.124641418457031e-05
3.457069396972656e-05
3.457069396972656e-05
3.457069396972656e-05
3.457069396972656e-05
3.4809112548828125e-05
3.4809112548828125e-05
3.409385681152344e-05
3.4332275390625e-05
3.457069396972656e-05
3.409385681152344e-05
3.504753112792969e-05
3.4332275390625e-05
3.528594970703125e-05
3.457069396972656e-05
3.337860107421875e-05
3.409385681152344e-05
3.361701965332031e-05
3.409385681152344e-05
3.528594970703125e-05
3.409385681152344e-05
3.528594970703125e-05
3.457069396972656e-05
3.457069396972656e-05
3.504753112792969e-05
3.4809112548828125e-05
3.4809112548828125e-05
3.457069396972656e-05
6.699562072753906e-05
3.409385681152344e-05
3.4332275390625e-05
3.457069396972656e-05
3.409385681152344e-05
