0.7847180366516113
0.013565540313720703
0.013812541961669922
0.014017581939697266
0.014878034591674805
0.014603614807128906
0.013916254043579102
0.01701974868774414
0.013798236846923828
0.010644674301147461
0.013140439987182617
0.01374197006225586
0.013643980026245117
0.011786222457885742
0.01572895050048828
0.01545405387878418
0.011130332946777344
0.014849424362182617
0.013366222381591797
0.011272907257080078
0.01386404037475586
0.019748687744140625
0.011178255081176758
0.013334035873413086
0.014115333557128906
0.015394449234008789
0.013595819473266602
0.012896537780761719
0.013578653335571289
0.014234542846679688
0.013453245162963867
0.029846668243408203
0.013657808303833008
0.01397848129272461
0.01078343391418457
0.015162944793701172
0.014214038848876953
0.012598991394042969
0.014574766159057617
0.01389169692993164
0.011322259902954102
0.012824296951293945
0.012578725814819336
0.011045217514038086
0.014012813568115234
0.014502763748168945
0.01940011978149414
0.014513969421386719
0.017314434051513672
0.014951705932617188
0.013374090194702148
0.01493215560913086
0.014158487319946289
0.012323379516601562
0.014110326766967773
0.017018795013427734
0.011776924133300781
0.014227151870727539
0.014657020568847656
0.013728141784667969
0.013216495513916016
0.011006355285644531
0.011577844619750977
0.014087200164794922
0.0249481201171875
0.013717174530029297
0.01701831817626953
0.01152658462524414
0.011278390884399414
0.01511073112487793
0.013367414474487305
0.013487815856933594
0.010164976119995117
0.013546943664550781
0.012062549591064453
0.013990640640258789
0.015024423599243164
0.013415098190307617
0.013734102249145508
0.012911558151245117
0.012414693832397461
0.014321565628051758
0.01291656494140625
0.015998125076293945
0.01466512680053711
0.013838529586791992
0.013670682907104492
0.012958049774169922
0.013687372207641602
0.010347604751586914
0.013749837875366211
0.016857385635375977
0.012970209121704102
0.011770009994506836
0.013828754425048828
0.013943672180175781
0.011700153350830078
0.013972282409667969
0.013945341110229492
0.01164388656616211
