0.007559537887573242
0.011124610900878906
0.01004791259765625
0.009562253952026367
0.020853519439697266
0.00803375244140625
0.01007223129272461
0.010266780853271484
0.010168790817260742
0.007189273834228516
0.013357400894165039
0.009398221969604492
0.009396553039550781
0.00746464729309082
0.016477346420288086
0.0075762271881103516
0.007260799407958984
0.009435176849365234
0.0144195556640625
0.007059812545776367
0.009124994277954102
0.009402036666870117
0.006987571716308594
0.009502649307250977
0.007448911666870117
0.008578777313232422
0.00981760025024414
0.0070002079010009766
0.007139444351196289
0.009858369827270508
0.010764360427856445
0.00674891471862793
0.009654760360717773
0.011590242385864258
0.007765054702758789
0.009671211242675781
0.01676464080810547
0.00807332992553711
0.010890960693359375
0.010210037231445312
0.0076940059661865234
0.009505987167358398
0.009905815124511719
0.007064104080200195
0.009546279907226562
0.007159233093261719
0.009613752365112305
0.010916948318481445
0.010262012481689453
0.010456085205078125
0.008013486862182617
0.009804487228393555
0.01022195816040039
0.009206295013427734
0.009549379348754883
0.01055598258972168
0.00787353515625
0.010464668273925781
0.010427236557006836
0.007679462432861328
0.010495901107788086
0.0081787109375
0.007612943649291992
0.01000523567199707
0.010627985000610352
0.010085821151733398
0.01022648811340332
0.006998300552368164
0.007410287857055664
0.010321378707885742
0.010213375091552734
0.006945610046386719
0.008232831954956055
0.010427474975585938
0.007868289947509766
0.010995864868164062
0.010473966598510742
0.010505437850952148
0.010421991348266602
0.010820627212524414
0.00803065299987793
0.01070857048034668
0.01014852523803711
0.010642766952514648
0.011665821075439453
0.007214069366455078
0.011041641235351562
0.010177850723266602
0.010240554809570312
0.007415294647216797
0.010327816009521484
0.009120464324951172
0.010851144790649414
0.0073642730712890625
0.010085105895996094
0.010405778884887695
0.007007122039794922
0.009994268417358398
0.010409832000732422
0.007756948471069336
