0.03727555274963379
0.7226717472076416
0.015086650848388672
0.022268056869506836
0.01411581039428711
0.21477961540222168
0.02750229835510254
0.014513731002807617
0.016944408416748047
0.011511087417602539
0.01856398582458496
0.016249895095825195
0.013649463653564453
0.013568639755249023
0.018988847732543945
0.013486385345458984
0.01430058479309082
0.014383077621459961
0.014693975448608398
0.01157832145690918
0.013338804244995117
0.015851259231567383
0.011665582656860352
0.014785051345825195
0.011333942413330078
0.01326131820678711
0.013148069381713867
0.0155181884765625
0.01105642318725586
0.016742467880249023
0.013108015060424805
0.010895729064941406
0.01313471794128418
0.014497041702270508
0.012035608291625977
0.013442277908325195
0.022182226181030273
0.010996580123901367
0.01337575912475586
0.013118505477905273
0.011061668395996094
0.012451648712158203
0.012900590896606445
0.011472940444946289
0.013353347778320312
0.011315584182739258
0.009995460510253906
0.012999773025512695
0.012934446334838867
0.01393890380859375
0.013945579528808594
0.014292240142822266
0.012817859649658203
0.013463258743286133
0.013782978057861328
0.013430118560791016
0.015801668167114258
0.016559362411499023
0.014098882675170898
0.011596918106079102
0.022789478302001953
0.011810541152954102
0.015742063522338867
0.013662576675415039
0.013387203216552734
0.012981176376342773
0.013470172882080078
0.01119542121887207
0.015100955963134766
0.014247417449951172
0.015174150466918945
0.014720678329467773
0.013603925704956055
0.013655662536621094
0.011208772659301758
0.01393270492553711
0.01454019546508789
0.014827966690063477
0.017230749130249023
0.013873815536499023
0.014801263809204102
0.0137176513671875
0.013506650924682617
0.019316911697387695
0.014384031295776367
0.01133275032043457
0.017325639724731445
0.01472926139831543
0.013212442398071289
0.011721372604370117
0.013720989227294922
0.012833118438720703
0.01437687873840332
0.020021438598632812
0.014087915420532227
0.014030933380126953
0.01291036605834961
0.014117956161499023
0.01563429832458496
0.011101245880126953
