0.008130311965942383
0.007252216339111328
0.007463693618774414
0.0074307918548583984
0.007500410079956055
0.007639408111572266
0.00733637809753418
0.008030891418457031
0.00784611701965332
0.009187936782836914
0.007804393768310547
0.0075359344482421875
0.008344888687133789
0.007737636566162109
0.007628440856933594
0.007827520370483398
0.00729823112487793
0.007932662963867188
0.007534980773925781
0.007575035095214844
0.0076084136962890625
0.007249116897583008
0.0074579715728759766
0.007395029067993164
0.009184598922729492
0.0077381134033203125
0.00731348991394043
0.008193731307983398
0.007360935211181641
0.0076291561126708984
0.007174968719482422
0.0076389312744140625
0.007609367370605469
0.007729768753051758
0.007692813873291016
0.007545948028564453
0.0072972774505615234
0.0070459842681884766
0.008297204971313477
0.007293224334716797
0.007704973220825195
0.007380485534667969
0.007368326187133789
0.007461071014404297
0.007878780364990234
0.00776219367980957
0.0073528289794921875
0.006922483444213867
0.0199429988861084
0.0072786808013916016
0.0075531005859375
0.006868839263916016
0.00731205940246582
0.008151769638061523
0.008819341659545898
0.007837057113647461
0.007554531097412109
0.0073010921478271484
0.0078125
0.007313728332519531
0.007381439208984375
0.007957935333251953
0.0077724456787109375
0.007833242416381836
0.00788426399230957
0.007643699645996094
0.00745081901550293
0.007202863693237305
0.00771331787109375
0.01298069953918457
0.007308483123779297
0.007424831390380859
0.007581472396850586
0.007210254669189453
0.007691621780395508
0.007010459899902344
0.00789022445678711
0.0072481632232666016
0.00744318962097168
0.00658106803894043
0.006921052932739258
0.007361650466918945
0.006808280944824219
0.00751042366027832
0.007291078567504883
0.007645845413208008
0.007175445556640625
0.007025003433227539
0.007576465606689453
0.007040262222290039
0.008516073226928711
0.007252216339111328
0.007272958755493164
0.0069429874420166016
0.007132530212402344
0.007105588912963867
0.0075664520263671875
0.0069310665130615234
0.007679462432861328
0.007473945617675781
