0.00744175910949707
0.009766101837158203
0.009393692016601562
0.010783672332763672
0.010885238647460938
0.007197141647338867
0.009576559066772461
0.010111331939697266
0.008855342864990234
0.007310628890991211
0.010099411010742188
0.00971841812133789
0.010142087936401367
0.00780177116394043
0.011004924774169922
0.007083415985107422
0.007138252258300781
0.009624242782592773
0.01043558120727539
0.007568836212158203
0.009698629379272461
0.0104827880859375
0.008824348449707031
0.011659383773803711
0.0075876712799072266
0.009158611297607422
0.009644031524658203
0.007230043411254883
0.007219076156616211
0.010322809219360352
0.01015925407409668
0.007558345794677734
0.009866476058959961
0.009948968887329102
0.015233278274536133
0.009907960891723633
0.00951695442199707
0.014162778854370117
0.00962376594543457
0.009473800659179688
0.007407426834106445
0.009244680404663086
0.009322404861450195
0.007586956024169922
0.009681224822998047
0.0071523189544677734
0.007328033447265625
0.009572982788085938
0.009276628494262695
0.010393142700195312
0.007236003875732422
0.010269880294799805
0.009702682495117188
0.007050037384033203
0.009723901748657227
0.010185480117797852
0.007459878921508789
0.01356196403503418
0.010024309158325195
0.007641315460205078
0.009893655776977539
0.007703304290771484
0.007876157760620117
0.009484052658081055
0.009969234466552734
0.00913548469543457
0.009493350982666016
0.0189816951751709
0.00787353515625
0.01858663558959961
0.010720968246459961
0.007752895355224609
0.00739741325378418
0.00943899154663086
0.007124662399291992
0.009675264358520508
0.009850263595581055
0.010055303573608398
0.01027822494506836
0.009551048278808594
0.007251262664794922
0.01026773452758789
0.009417057037353516
0.010229110717773438
0.01532602310180664
0.0076901912689208984
0.00979471206665039
0.011831998825073242
0.009466409683227539
0.01343083381652832
0.00960993766784668
0.009870290756225586
0.010462284088134766
0.007525444030761719
0.009312629699707031
0.010708808898925781
0.007721662521362305
0.010676860809326172
0.010324716567993164
0.009212970733642578
