0.009147882461547852
0.010474920272827148
0.010372400283813477
0.007721662521362305
0.01050114631652832
0.008210897445678711
0.007771492004394531
0.01049494743347168
0.010233640670776367
0.008188724517822266
0.0071756839752197266
0.01031184196472168
0.01000213623046875
0.008809804916381836
0.010309457778930664
0.0068514347076416016
0.008103132247924805
0.010234832763671875
0.010937213897705078
0.012966156005859375
0.009700536727905273
0.009521722793579102
0.007400035858154297
0.011034250259399414
0.008408546447753906
0.01032114028930664
0.01063990592956543
0.008416414260864258
0.008677244186401367
0.010828971862792969
0.01058506965637207
0.007676124572753906
0.007927417755126953
0.01011967658996582
0.008129596710205078
0.009956121444702148
0.010365486145019531
0.008723258972167969
0.008034467697143555
0.01026296615600586
0.007729768753051758
0.010202407836914062
0.009656429290771484
0.0076904296875
0.0096435546875
0.007971048355102539
0.007934331893920898
0.009662628173828125
0.01025247573852539
0.008043050765991211
0.0075528621673583984
0.010271787643432617
0.010223388671875
0.007978200912475586
0.026652097702026367
0.008173942565917969
0.0072743892669677734
0.010376453399658203
0.010094881057739258
0.007590532302856445
0.012013435363769531
0.007570505142211914
0.007827520370483398
0.010070323944091797
0.008610248565673828
0.010365962982177734
0.010547161102294922
0.007407188415527344
0.0070841312408447266
0.010034561157226562
0.009438514709472656
0.007681369781494141
0.008239984512329102
0.010137796401977539
0.0076465606689453125
0.010080575942993164
0.009972095489501953
0.00789189338684082
0.00789189338684082
0.010207414627075195
0.008116722106933594
0.009692668914794922
0.010004520416259766
0.007525205612182617
0.012530088424682617
0.007496833801269531
0.009389162063598633
0.00963282585144043
0.010238885879516602
0.0077130794525146484
0.008452892303466797
0.01008915901184082
0.009880542755126953
0.008389472961425781
0.010085582733154297
0.007682323455810547
0.0073664188385009766
0.010012149810791016
0.010343551635742188
0.007104158401489258
