0.01019287109375
0.014146804809570312
0.010729074478149414
0.01044607162475586
0.0106353759765625
0.013819217681884766
0.016835927963256836
0.010081291198730469
0.01642322540283203
0.007503509521484375
0.010439634323120117
0.009799957275390625
0.009249448776245117
0.016213178634643555
0.009690999984741211
0.007574796676635742
0.015261173248291016
0.010063648223876953
0.012450695037841797
0.011075019836425781
0.012310504913330078
0.010590076446533203
0.00760650634765625
0.009952068328857422
0.013364315032958984
0.010082483291625977
0.009943962097167969
0.007413148880004883
0.007535457611083984
0.010206460952758789
0.010517597198486328
0.007999181747436523
0.011395454406738281
0.01224374771118164
0.007475137710571289
0.00955343246459961
0.009768009185791016
0.0071332454681396484
0.01077723503112793
0.011351823806762695
0.007932424545288086
0.010176658630371094
0.010862350463867188
0.010556221008300781
0.011362075805664062
0.008395671844482422
0.007463216781616211
0.010303020477294922
0.01096653938293457
0.00954580307006836
0.00744175910949707
0.015677452087402344
0.00968623161315918
0.007272005081176758
0.00958871841430664
0.010273456573486328
0.007249355316162109
0.012242555618286133
0.009474754333496094
0.007193088531494141
0.009751319885253906
0.007550477981567383
0.007760286331176758
0.010463476181030273
0.012283802032470703
0.009931564331054688
0.012692689895629883
0.007688999176025391
0.007845878601074219
0.010587930679321289
0.010096549987792969
0.007180452346801758
0.007215976715087891
0.010083198547363281
0.009088754653930664
0.01034092903137207
0.010202646255493164
0.010238885879516602
0.010198354721069336
0.010235309600830078
0.0073549747467041016
0.010785102844238281
0.010654211044311523
0.009964942932128906
0.011656999588012695
0.007555961608886719
0.023384809494018555
0.010321617126464844
0.010800361633300781
0.007420539855957031
0.010210275650024414
0.01034235954284668
0.011404275894165039
0.007677316665649414
0.010432004928588867
0.010725021362304688
0.012256622314453125
0.010529041290283203
0.010656595230102539
0.007752895355224609
