0.010909557342529297
0.014358997344970703
0.014081239700317383
0.013581275939941406
0.023491621017456055
0.013106822967529297
0.015735387802124023
0.013794183731079102
0.013283252716064453
0.012735366821289062
0.014972448348999023
0.01373744010925293
0.014236927032470703
0.01296687126159668
0.014299392700195312
0.011390209197998047
0.012608528137207031
0.013840198516845703
0.01687312126159668
0.013952016830444336
0.014878511428833008
0.015619993209838867
0.011065483093261719
0.014318466186523438
0.012174844741821289
0.013719320297241211
0.017072439193725586
0.011878490447998047
0.014071226119995117
0.01441335678100586
0.01389312744140625
0.011995792388916016
0.013797283172607422
0.013549566268920898
0.01352834701538086
0.014200925827026367
0.020763158798217773
0.025353193283081055
0.018797636032104492
0.01848316192626953
0.020806550979614258
0.01708221435546875
0.016945362091064453
0.03452754020690918
0.016973257064819336
0.020645856857299805
0.023722171783447266
0.017099380493164062
0.020539045333862305
0.032997846603393555
0.021295547485351562
0.016824960708618164
0.02170562744140625
0.019082307815551758
0.01457834243774414
0.01761484146118164
0.012024402618408203
0.01498866081237793
0.013895988464355469
0.011490106582641602
0.014322757720947266
0.014299869537353516
0.02013111114501953
0.013687610626220703
0.014380931854248047
0.01312255859375
0.013344764709472656
0.01094365119934082
0.01094198226928711
0.014359712600708008
0.01489877700805664
0.012866497039794922
0.01137852668762207
0.015839576721191406
0.012273788452148438
0.014190196990966797
0.02405238151550293
0.015466928482055664
0.018582582473754883
0.013416767120361328
0.01230001449584961
0.015007734298706055
0.014145612716674805
0.016765832901000977
0.013397216796875
0.011773109436035156
0.014705657958984375
0.013982295989990234
0.012767553329467773
0.01174473762512207
0.014249563217163086
0.014368057250976562
0.019999980926513672
0.012079477310180664
0.01474142074584961
0.013899087905883789
0.01124882698059082
0.014765262603759766
0.015212059020996094
0.011083126068115234
