0.00010204315185546875
4.00543212890625e-05
3.361701965332031e-05
3.314018249511719e-05
3.24249267578125e-05
3.170967102050781e-05
3.170967102050781e-05
3.0994415283203125e-05
3.075599670410156e-05
6.461143493652344e-05
3.170967102050781e-05
3.123283386230469e-05
2.9802322387695312e-05
3.075599670410156e-05
3.0279159545898438e-05
3.0040740966796875e-05
3.0279159545898438e-05
3.0517578125e-05
3.0517578125e-05
3.0517578125e-05
2.9325485229492188e-05
2.9802322387695312e-05
2.956390380859375e-05
2.956390380859375e-05
3.0040740966796875e-05
2.9802322387695312e-05
2.9087066650390625e-05
2.956390380859375e-05
2.8848648071289062e-05
3.2901763916015625e-05
3.0040740966796875e-05
3.0040740966796875e-05
3.24249267578125e-05
3.1948089599609375e-05
3.24249267578125e-05
3.266334533691406e-05
3.266334533691406e-05
3.075599670410156e-05
3.075599670410156e-05
3.0517578125e-05
3.528594970703125e-05
3.0994415283203125e-05
3.075599670410156e-05
3.552436828613281e-05
2.9325485229492188e-05
3.4809112548828125e-05
2.9802322387695312e-05
2.956390380859375e-05
2.9087066650390625e-05
2.9325485229492188e-05
3.5762786865234375e-05
2.9802322387695312e-05
2.9325485229492188e-05
2.9087066650390625e-05
2.9087066650390625e-05
3.0040740966796875e-05
3.0040740966796875e-05
2.9802322387695312e-05
2.9802322387695312e-05
2.9325485229492188e-05
2.9802322387695312e-05
3.0040740966796875e-05
2.956390380859375e-05
3.0040740966796875e-05
3.0040740966796875e-05
3.0994415283203125e-05
3.075599670410156e-05
3.075599670410156e-05
3.0040740966796875e-05
3.0994415283203125e-05
3.1948089599609375e-05
3.0517578125e-05
3.075599670410156e-05
3.0279159545898438e-05
3.0279159545898438e-05
3.0279159545898438e-05
3.0517578125e-05
3.075599670410156e-05
3.0517578125e-05
3.0517578125e-05
3.0040740966796875e-05
3.0040740966796875e-05
3.0517578125e-05
3.0040740966796875e-05
2.956390380859375e-05
3.0517578125e-05
3.0517578125e-05
3.0279159545898438e-05
3.0279159545898438e-05
3.5762786865234375e-05
2.9802322387695312e-05
3.24249267578125e-05
0.00010013580322265625
3.266334533691406e-05
3.123283386230469e-05
3.123283386230469e-05
3.0279159545898438e-05
3.0040740966796875e-05
2.9087066650390625e-05
2.9087066650390625e-05
