0.007822036743164062
0.010848522186279297
0.01035618782043457
0.011123180389404297
0.01108551025390625
0.006905555725097656
0.012749910354614258
0.01034998893737793
0.010045051574707031
0.0072100162506103516
0.011016130447387695
0.008994102478027344
0.010110855102539062
0.007402658462524414
0.01001286506652832
0.007310152053833008
0.007323503494262695
0.00966191291809082
0.011093378067016602
0.00760340690612793
0.010357141494750977
0.011425971984863281
0.007138252258300781
0.011627197265625
0.007420778274536133
0.009601354598999023
0.009505033493041992
0.015012264251708984
0.007527351379394531
0.010806798934936523
0.012214183807373047
0.007436513900756836
0.011800289154052734
0.009899616241455078
0.007542848587036133
0.009740591049194336
0.009681463241577148
0.0077250003814697266
0.012737512588500977
0.009234905242919922
0.008258819580078125
0.009743452072143555
0.01005101203918457
0.007388591766357422
0.009667396545410156
0.008184671401977539
0.007413148880004883
0.01014399528503418
0.009913921356201172
0.010930061340332031
0.0075681209564208984
0.009756803512573242
0.009691476821899414
0.007745027542114258
0.010010719299316406
0.011287689208984375
0.0074656009674072266
0.011639118194580078
0.010206937789916992
0.008256673812866211
0.010392904281616211
0.007783651351928711
0.007201433181762695
0.010216712951660156
0.012449026107788086
0.010427474975585938
0.012501716613769531
0.0075948238372802734
0.007309436798095703
0.011257410049438477
0.009294986724853516
0.007512569427490234
0.007242441177368164
0.009892463684082031
0.0072689056396484375
0.013380765914916992
0.00962376594543457
0.011411190032958984
0.011022090911865234
0.009597539901733398
0.00762486457824707
0.010919570922851562
0.009488344192504883
0.011645793914794922
0.009941339492797852
0.007367372512817383
0.011077404022216797
0.010549068450927734
0.011902093887329102
0.008260488510131836
0.015277862548828125
0.012253522872924805
0.012850522994995117
0.007687568664550781
0.009932756423950195
0.012091636657714844
0.007791042327880859
0.010434627532958984
0.009917020797729492
0.0075664520263671875
