0.06011390686035156
0.7005903720855713
0.0132293701171875
0.015127897262573242
0.013139486312866211
0.0824735164642334
0.016150951385498047
0.014650344848632812
0.012550115585327148
0.01085662841796875
0.014268159866333008
0.012909889221191406
0.014475584030151367
0.011062860488891602
0.01433706283569336
0.010987520217895508
0.010085582733154297
0.016755104064941406
0.014257192611694336
0.013909101486206055
0.0202786922454834
0.013794898986816406
0.011092185974121094
0.014877796173095703
0.02973461151123047
0.012625455856323242
0.012445926666259766
0.012543678283691406
0.011987686157226562
0.01994180679321289
0.01360630989074707
0.011430025100708008
0.013728618621826172
0.014164924621582031
0.011360406875610352
0.016802072525024414
0.01322484016418457
0.010600090026855469
0.016490936279296875
0.013283252716064453
0.011065959930419922
0.01499485969543457
0.013737916946411133
0.010797739028930664
0.014148712158203125
0.01104116439819336
0.010344505310058594
0.012952566146850586
0.013328075408935547
0.013676643371582031
0.012557029724121094
0.014118671417236328
0.013001203536987305
0.013659477233886719
0.013256549835205078
0.013648509979248047
0.01101064682006836
0.013477087020874023
0.01344752311706543
0.010870218276977539
0.012544631958007812
0.010619640350341797
0.010497570037841797
0.01366567611694336
0.014607667922973633
0.013338804244995117
0.014130115509033203
0.011754512786865234
0.01060032844543457
0.014042377471923828
0.01374053955078125
0.019261598587036133
0.014733314514160156
0.01269984245300293
0.011374711990356445
0.013241767883300781
0.013103723526000977
0.014154434204101562
0.014430761337280273
0.013204574584960938
0.01705169677734375
0.013761758804321289
0.01291513442993164
0.014564990997314453
0.015470027923583984
0.01180124282836914
0.014831066131591797
0.013338565826416016
0.013365983963012695
0.013358116149902344
0.014190912246704102
0.01468801498413086
0.01489114761352539
0.018979549407958984
0.015153884887695312
0.016067028045654297
0.01803874969482422
0.014266252517700195
0.014085769653320312
0.010946035385131836
