0.7798218727111816
0.020740509033203125
0.017766475677490234
0.019064664840698242
0.013629436492919922
0.012331962585449219
0.015493392944335938
0.013179302215576172
0.013823270797729492
0.016154050827026367
0.013624906539916992
0.012377738952636719
0.01253962516784668
0.010758638381958008
0.012679338455200195
0.011143922805786133
0.026962757110595703
0.020006418228149414
0.013514041900634766
0.011750459671020508
0.021402597427368164
0.014345884323120117
0.010936737060546875
0.017061471939086914
0.011459827423095703
0.01215815544128418
0.013602733612060547
0.011292219161987305
0.010376453399658203
0.027901411056518555
0.014610767364501953
0.01052403450012207
0.016720294952392578
0.015110015869140625
0.011694908142089844
0.01290750503540039
0.0133819580078125
0.010790109634399414
0.01438283920288086
0.012802362442016602
0.012906312942504883
0.013586759567260742
0.01415395736694336
0.010982275009155273
0.014191150665283203
0.010988235473632812
0.009798526763916016
0.012889862060546875
0.013654232025146484
0.013925313949584961
0.014377593994140625
0.013517379760742188
0.013212442398071289
0.011065959930419922
0.012850761413574219
0.017565011978149414
0.010606050491333008
0.015676498413085938
0.017805814743041992
0.010957956314086914
0.013454437255859375
0.01013493537902832
0.010145425796508789
0.013461589813232422
0.014876365661621094
0.013009071350097656
0.013876676559448242
0.011337995529174805
0.011332035064697266
0.0338902473449707
0.012921810150146484
0.010748147964477539
0.01158285140991211
0.013433456420898438
0.010514020919799805
0.016522884368896484
0.012761116027832031
0.01405644416809082
0.01410222053527832
0.013003349304199219
0.018121957778930664
0.014168262481689453
0.012702465057373047
0.01349496841430664
0.022061824798583984
0.011256694793701172
0.015271425247192383
0.013385534286499023
0.012596368789672852
0.010115385055541992
0.019865751266479492
0.01636028289794922
0.018327713012695312
0.014890193939208984
0.013078689575195312
0.014206647872924805
0.01072835922241211
0.020648479461669922
0.016384363174438477
0.010803461074829102
