0.013666868209838867
0.016785383224487305
0.01580500602722168
0.016043424606323242
0.015316486358642578
0.013279438018798828
0.014330387115478516
0.01408696174621582
0.015596389770507812
0.012732744216918945
0.01448965072631836
0.015969514846801758
0.014143705368041992
0.012317657470703125
0.017049074172973633
0.01212453842163086
0.012101888656616211
0.017059326171875
0.014922142028808594
0.012081623077392578
0.01426076889038086
0.01783299446105957
0.014441251754760742
0.014228582382202148
0.01158285140991211
0.014089345932006836
0.014095306396484375
0.011989831924438477
0.011612415313720703
0.015946149826049805
0.014126777648925781
0.012204170227050781
0.014081001281738281
0.014955759048461914
0.011799335479736328
0.014677286148071289
0.013789176940917969
0.010860919952392578
0.017156362533569336
0.014989137649536133
0.012746095657348633
0.012890338897705078
0.01266622543334961
0.01078486442565918
0.013816595077514648
0.013757944107055664
0.010892152786254883
0.013476371765136719
0.01349329948425293
0.014232873916625977
0.011008739471435547
0.013585805892944336
0.014868021011352539
0.01286172866821289
0.012773513793945312
0.01346278190612793
0.011419057846069336
0.014259099960327148
0.014127254486083984
0.01092386245727539
0.014090776443481445
0.010601043701171875
0.012365579605102539
0.01429295539855957
0.01795363426208496
0.014153242111206055
0.014727115631103516
0.0113525390625
0.014026165008544922
0.01563239097595215
0.01367330551147461
0.011701345443725586
0.010691642761230469
0.016670942306518555
0.01315927505493164
0.014106035232543945
0.013748884201049805
0.015727996826171875
0.01388406753540039
0.013670206069946289
0.011519432067871094
0.014141321182250977
0.013876199722290039
0.014071464538574219
0.013539791107177734
0.011887550354003906
0.013669967651367188
0.013672828674316406
0.013590574264526367
0.011561870574951172
0.015067577362060547
0.014230489730834961
0.014916181564331055
0.01135110855102539
0.014100074768066406
0.014118671417236328
0.010801076889038086
0.014232158660888672
0.014285564422607422
0.013878822326660156
