0.007414340972900391
0.00964665412902832
0.010272741317749023
0.00693821907043457
0.009236335754394531
0.006645679473876953
0.007200717926025391
0.010889053344726562
0.010018110275268555
0.00888514518737793
0.007073879241943359
0.010157585144042969
0.009353876113891602
0.007356166839599609
0.009558677673339844
0.007503509521484375
0.007314205169677734
0.008887529373168945
0.00952768325805664
0.00769805908203125
0.010114431381225586
0.007429599761962891
0.00795602798461914
0.010031700134277344
0.007639884948730469
0.010172367095947266
0.00942230224609375
0.006876230239868164
0.007102489471435547
0.01070857048034668
0.011403322219848633
0.007188320159912109
0.007978439331054688
0.010307788848876953
0.00749516487121582
0.010298490524291992
0.009870290756225586
0.007736682891845703
0.007882118225097656
0.009849071502685547
0.00740361213684082
0.009722232818603516
0.009286642074584961
0.007959604263305664
0.009567022323608398
0.008107662200927734
0.0077667236328125
0.009706974029541016
0.010030984878540039
0.007795572280883789
0.007153987884521484
0.009685277938842773
0.009629011154174805
0.027748584747314453
0.012286663055419922
0.0072689056396484375
0.007144451141357422
0.009860038757324219
0.00946807861328125
0.008949518203735352
0.009725809097290039
0.0072498321533203125
0.007589101791381836
0.010942935943603516
0.007729768753051758
0.00991368293762207
0.010213136672973633
0.007609128952026367
0.008200645446777344
0.009791851043701172
0.009621620178222656
0.007178544998168945
0.008861541748046875
0.010424375534057617
0.00686955451965332
0.012018442153930664
0.009914159774780273
0.007126808166503906
0.007533550262451172
0.009394645690917969
0.0072824954986572266
0.009509801864624023
0.009057998657226562
0.00705265998840332
0.010160684585571289
0.007426023483276367
0.006914377212524414
0.009646177291870117
0.009967803955078125
0.007388114929199219
0.007887125015258789
0.009237527847290039
0.008966922760009766
0.007835865020751953
0.00936269760131836
0.007038116455078125
0.007430076599121094
0.009240865707397461
0.009269952774047852
0.0072383880615234375
