0.0077435970306396484
0.010715484619140625
0.01052999496459961
0.01212620735168457
0.013975381851196289
0.008682727813720703
0.010821819305419922
0.009307146072387695
0.009976387023925781
0.009891986846923828
0.011027812957763672
0.010013341903686523
0.009698867797851562
0.007462978363037109
0.009738445281982422
0.007687091827392578
0.007563352584838867
0.00935983657836914
0.016353130340576172
0.024688005447387695
0.012508630752563477
0.01775217056274414
0.007615089416503906
0.011771440505981445
0.008733987808227539
0.00988459587097168
0.010415077209472656
0.008662939071655273
0.007485151290893555
0.011879444122314453
0.012443065643310547
0.008767127990722656
0.011279106140136719
0.010416746139526367
0.008092403411865234
0.010620594024658203
0.009835958480834961
0.008031368255615234
0.012785196304321289
0.010536432266235352
0.008085250854492188
0.01017308235168457
0.010908126831054688
0.008075475692749023
0.010260343551635742
0.008901119232177734
0.007069826126098633
0.009836673736572266
0.009379386901855469
0.009683609008789062
0.007919073104858398
0.009966135025024414
0.009926795959472656
0.008140802383422852
0.010454177856445312
0.010306358337402344
0.009844779968261719
0.010673999786376953
0.010647058486938477
0.007546424865722656
0.009929895401000977
0.007941722869873047
0.007760286331176758
0.01062321662902832
0.010934114456176758
0.010146617889404297
0.010995626449584961
0.008576393127441406
0.008639812469482422
0.010998725891113281
0.009652853012084961
0.008217811584472656
0.007144451141357422
0.010101795196533203
0.008043766021728516
0.010220527648925781
0.009743928909301758
0.010915756225585938
0.011598587036132812
0.009999752044677734
0.0074689388275146484
0.0108489990234375
0.010675907135009766
0.018056631088256836
0.011249303817749023
0.016294479370117188
0.010099649429321289
0.010389089584350586
0.012451648712158203
0.00855875015258789
0.012064695358276367
0.010525703430175781
0.011525154113769531
0.00898122787475586
0.009827613830566406
0.01023721694946289
0.008213520050048828
0.01422119140625
0.011427879333496094
0.008006095886230469
