0.007528781890869141
0.010111808776855469
0.009939432144165039
0.010117530822753906
0.010123491287231445
0.007763862609863281
0.010232925415039062
0.010256290435791016
0.021960973739624023
0.007961511611938477
0.01084280014038086
0.009807109832763672
0.012115478515625
0.008016109466552734
0.010262489318847656
0.0072689056396484375
0.007983922958374023
0.009469032287597656
0.010218620300292969
0.007215261459350586
0.00937199592590332
0.014917850494384766
0.007593393325805664
0.014330625534057617
0.010358333587646484
0.010388851165771484
0.00982356071472168
0.007697582244873047
0.007324695587158203
0.019407033920288086
0.014081239700317383
0.008061885833740234
0.015895843505859375
0.010294437408447266
0.007013082504272461
0.010046958923339844
0.010070085525512695
0.007707118988037109
0.010552644729614258
0.01053166389465332
0.007379293441772461
0.009953975677490234
0.010273933410644531
0.007801055908203125
0.010050296783447266
0.007910728454589844
0.007612943649291992
0.010011672973632812
0.01004791259765625
0.009593725204467773
0.007308483123779297
0.0104522705078125
0.010687828063964844
0.0073359012603759766
0.009099721908569336
0.011688947677612305
0.007761240005493164
0.010392904281616211
0.009917974472045898
0.007571220397949219
0.009868621826171875
0.008063554763793945
0.007324934005737305
0.010559558868408203
0.010146617889404297
0.009532451629638672
0.010569095611572266
0.007566213607788086
0.006913661956787109
0.017151594161987305
0.01034998893737793
0.009067773818969727
0.007519245147705078
0.010115861892700195
0.00774836540222168
0.010362863540649414
0.01027989387512207
0.010313749313354492
0.010285615921020508
0.010223627090454102
0.00796365737915039
0.010570526123046875
0.010347604751586914
0.010779857635498047
0.010294437408447266
0.008661508560180664
0.010243654251098633
0.01046299934387207
0.01180577278137207
0.008573293685913086
0.010461807250976562
0.01052546501159668
0.011335134506225586
0.007328033447265625
0.009439706802368164
0.010299444198608398
0.007602214813232422
0.010714054107666016
0.010300397872924805
0.007794857025146484
