0.011703729629516602
0.014996767044067383
0.014412641525268555
0.014401674270629883
0.015622377395629883
0.012096881866455078
0.01961994171142578
0.01364755630493164
0.02008342742919922
0.012000322341918945
0.015059947967529297
0.013792037963867188
0.014606714248657227
0.012987613677978516
0.015150785446166992
0.011762380599975586
0.011362552642822266
0.014256715774536133
0.016745328903198242
0.014499425888061523
0.013913393020629883
0.013895988464355469
0.018399953842163086
0.016966819763183594
0.01151895523071289
0.017216205596923828
0.013504266738891602
0.012427091598510742
0.010967016220092773
0.014186859130859375
0.014551162719726562
0.010956525802612305
0.0141448974609375
0.018205642700195312
0.012214183807373047
0.014435529708862305
0.016184568405151367
0.017093420028686523
0.015438079833984375
0.016248464584350586
0.016829967498779297
0.014528036117553711
0.015170574188232422
0.016309022903442383
0.017542600631713867
0.012322187423706055
0.01733541488647461
0.015861034393310547
0.015767812728881836
0.014290571212768555
0.01175832748413086
0.015147209167480469
0.01632976531982422
0.011783361434936523
0.014044523239135742
0.018191814422607422
0.01242971420288086
0.020250320434570312
0.025676727294921875
0.011561155319213867
0.024499177932739258
0.012287616729736328
0.012825250625610352
0.015278339385986328
0.015606164932250977
0.013658523559570312
0.01608872413635254
0.010984182357788086
0.012661457061767578
0.017310380935668945
0.014271974563598633
0.013735294342041016
0.01135110855102539
0.015310525894165039
0.019895553588867188
0.013731956481933594
0.016411781311035156
0.014360427856445312
0.014037132263183594
0.015370368957519531
0.011531591415405273
0.013502120971679688
0.015136241912841797
0.014499902725219727
0.015250444412231445
0.013097524642944336
0.019750595092773438
0.014220714569091797
0.01417684555053711
0.018437862396240234
0.017668962478637695
0.013987541198730469
0.013956785202026367
0.021417617797851562
0.01527547836303711
0.016010761260986328
0.012459278106689453
0.015827655792236328
0.01349782943725586
0.011853456497192383
