0.02783370018005371
0.6538572311401367
0.019932985305786133
0.01448678970336914
0.0147552490234375
0.09140372276306152
0.013821601867675781
0.014499187469482422
0.014101266860961914
0.011506319046020508
0.013881921768188477
0.015442848205566406
0.012869834899902344
0.013839006423950195
0.013130426406860352
0.010829448699951172
0.011493206024169922
0.014687776565551758
0.013424873352050781
0.010895013809204102
0.012775659561157227
0.01630854606628418
0.011101961135864258
0.014424562454223633
0.010758399963378906
0.01467275619506836
0.01284027099609375
0.010368585586547852
0.01275014877319336
0.014090776443481445
0.015286684036254883
0.011277437210083008
0.014452695846557617
0.013683795928955078
0.012459516525268555
0.014231443405151367
0.015329122543334961
0.011163949966430664
0.01728510856628418
0.022969484329223633
0.012409448623657227
0.012674331665039062
0.013590097427368164
0.01100778579711914
0.012773513793945312
0.01439523696899414
0.010588645935058594
0.01327824592590332
0.015510082244873047
0.01470947265625
0.012212753295898438
0.014047861099243164
0.012847900390625
0.013094425201416016
0.013943195343017578
0.013504981994628906
0.013160467147827148
0.014071941375732422
0.014371395111083984
0.02227306365966797
0.013947725296020508
0.011732101440429688
0.011155843734741211
0.01282954216003418
0.01403951644897461
0.013764619827270508
0.015266895294189453
0.014696359634399414
0.010990381240844727
0.013534069061279297
0.013103008270263672
0.013796567916870117
0.017325878143310547
0.013607978820800781
0.01246786117553711
0.02224421501159668
0.01317143440246582
0.014989614486694336
0.013687610626220703
0.013701200485229492
0.011136531829833984
0.01655125617980957
0.014978885650634766
0.014267921447753906
0.014801263809204102
0.011722326278686523
0.015755414962768555
0.014932394027709961
0.02052760124206543
0.01123046875
0.016634225845336914
0.01691603660583496
0.014715194702148438
0.011768102645874023
0.013301372528076172
0.016768693923950195
0.011746644973754883
0.013273477554321289
0.014991283416748047
0.01154780387878418
