0.00010895729064941406
3.7670135498046875e-05
3.7670135498046875e-05
3.409385681152344e-05
3.337860107421875e-05
3.266334533691406e-05
3.24249267578125e-05
3.266334533691406e-05
3.2901763916015625e-05
3.314018249511719e-05
3.2901763916015625e-05
3.266334533691406e-05
3.1948089599609375e-05
3.24249267578125e-05
3.1948089599609375e-05
3.24249267578125e-05
3.1948089599609375e-05
3.24249267578125e-05
4.100799560546875e-05
3.1948089599609375e-05
3.147125244140625e-05
3.147125244140625e-05
3.24249267578125e-05
3.24249267578125e-05
3.218650817871094e-05
3.123283386230469e-05
3.170967102050781e-05
3.337860107421875e-05
3.24249267578125e-05
3.147125244140625e-05
3.147125244140625e-05
3.123283386230469e-05
3.528594970703125e-05
3.528594970703125e-05
3.409385681152344e-05
3.457069396972656e-05
3.266334533691406e-05
3.361701965332031e-05
3.266334533691406e-05
3.24249267578125e-05
3.1948089599609375e-05
3.218650817871094e-05
3.1948089599609375e-05
3.123283386230469e-05
3.123283386230469e-05
3.147125244140625e-05
3.1948089599609375e-05
3.147125244140625e-05
3.170967102050781e-05
3.0517578125e-05
3.123283386230469e-05
3.147125244140625e-05
3.170967102050781e-05
3.170967102050781e-05
3.147125244140625e-05
3.1948089599609375e-05
3.337860107421875e-05
3.170967102050781e-05
3.24249267578125e-05
3.218650817871094e-05
3.123283386230469e-05
3.1948089599609375e-05
3.123283386230469e-05
3.0994415283203125e-05
3.24249267578125e-05
3.147125244140625e-05
3.1948089599609375e-05
3.24249267578125e-05
3.170967102050781e-05
3.147125244140625e-05
3.123283386230469e-05
3.147125244140625e-05
3.147125244140625e-05
3.075599670410156e-05
3.0994415283203125e-05
3.337860107421875e-05
3.266334533691406e-05
3.170967102050781e-05
3.147125244140625e-05
3.1948089599609375e-05
3.24249267578125e-05
3.24249267578125e-05
3.24249267578125e-05
3.170967102050781e-05
3.218650817871094e-05
3.170967102050781e-05
3.147125244140625e-05
3.170967102050781e-05
3.123283386230469e-05
3.123283386230469e-05
3.170967102050781e-05
3.147125244140625e-05
3.1948089599609375e-05
3.1948089599609375e-05
3.314018249511719e-05
3.218650817871094e-05
3.218650817871094e-05
3.170967102050781e-05
3.123283386230469e-05
3.123283386230469e-05
