0.00016069412231445312
9.417533874511719e-05
7.891654968261719e-05
7.653236389160156e-05
7.724761962890625e-05
8.320808410644531e-05
7.700920104980469e-05
7.700920104980469e-05
7.724761962890625e-05
7.462501525878906e-05
7.534027099609375e-05
7.534027099609375e-05
7.557868957519531e-05
7.390975952148438e-05
8.130073547363281e-05
7.581710815429688e-05
7.605552673339844e-05
7.534027099609375e-05
7.414817810058594e-05
7.534027099609375e-05
7.653236389160156e-05
7.510185241699219e-05
7.510185241699219e-05
7.510185241699219e-05
7.581710815429688e-05
7.581710815429688e-05
7.581710815429688e-05
7.510185241699219e-05
7.43865966796875e-05
7.510185241699219e-05
7.724761962890625e-05
7.62939453125e-05
7.677078247070312e-05
7.62939453125e-05
7.677078247070312e-05
7.534027099609375e-05
7.390975952148438e-05
7.43865966796875e-05
7.534027099609375e-05
7.462501525878906e-05
7.510185241699219e-05
0.0001289844512939453
7.510185241699219e-05
7.534027099609375e-05
8.106231689453125e-05
7.414817810058594e-05
7.62939453125e-05
7.557868957519531e-05
7.557868957519531e-05
7.724761962890625e-05
7.43865966796875e-05
7.581710815429688e-05
7.43865966796875e-05
7.462501525878906e-05
7.748603820800781e-05
7.510185241699219e-05
7.486343383789062e-05
7.462501525878906e-05
7.486343383789062e-05
7.510185241699219e-05
7.43865966796875e-05
8.20159912109375e-05
7.700920104980469e-05
7.367134094238281e-05
7.367134094238281e-05
8.082389831542969e-05
7.653236389160156e-05
7.557868957519531e-05
7.534027099609375e-05
8.320808410644531e-05
7.486343383789062e-05
8.034706115722656e-05
7.414817810058594e-05
7.343292236328125e-05
7.462501525878906e-05
7.486343383789062e-05
7.653236389160156e-05
7.581710815429688e-05
8.296966552734375e-05
7.700920104980469e-05
7.43865966796875e-05
7.414817810058594e-05
8.034706115722656e-05
7.343292236328125e-05
8.034706115722656e-05
8.0108642578125e-05
7.319450378417969e-05
7.43865966796875e-05
7.390975952148438e-05
7.414817810058594e-05
0.00010633468627929688
7.462501525878906e-05
8.058547973632812e-05
8.106231689453125e-05
7.510185241699219e-05
7.462501525878906e-05
7.390975952148438e-05
7.367134094238281e-05
7.987022399902344e-05
8.058547973632812e-05
