0.009536027908325195
0.01184535026550293
0.011236190795898438
0.011985063552856445
0.011426210403442383
0.008955955505371094
0.014229059219360352
0.010898113250732422
0.012919902801513672
0.010113239288330078
0.011944055557250977
0.011376142501831055
0.009983301162719727
0.008378744125366211
0.011161565780639648
0.008098363876342773
0.00826120376586914
0.012030363082885742
0.010545969009399414
0.008686542510986328
0.011848926544189453
0.010720968246459961
0.00882267951965332
0.01117849349975586
0.007784366607666016
0.010979175567626953
0.010748863220214844
0.00734400749206543
0.007952213287353516
0.01112818717956543
0.012169361114501953
0.01143956184387207
0.011146068572998047
0.011590719223022461
0.008695602416992188
0.009302377700805664
0.009805440902709961
0.008243560791015625
0.010961294174194336
0.009996891021728516
0.0075647830963134766
0.01063990592956543
0.0110015869140625
0.007769107818603516
0.010493278503417969
0.016677379608154297
0.007983684539794922
0.010848283767700195
0.01041722297668457
0.011799097061157227
0.009128332138061523
0.012589216232299805
0.010926246643066406
0.008511066436767578
0.011091470718383789
0.011778116226196289
0.008019685745239258
0.010586261749267578
0.010568857192993164
0.01017618179321289
0.010779619216918945
0.008522748947143555
0.007513999938964844
0.014126300811767578
0.01140737533569336
0.010758399963378906
0.011470317840576172
0.00737309455871582
0.007271766662597656
0.012844324111938477
0.010927438735961914
0.008633136749267578
0.010081052780151367
0.010597467422485352
0.00781702995300293
0.01052999496459961
0.00991511344909668
0.010857582092285156
0.01223444938659668
0.010514497756958008
0.007081508636474609
0.012257099151611328
0.00991964340209961
0.01130986213684082
0.012436628341674805
0.008930683135986328
0.010544061660766602
0.010594606399536133
0.009962320327758789
0.007279634475708008
0.012855052947998047
0.010043144226074219
0.012284994125366211
0.00827336311340332
0.009879589080810547
0.01052546501159668
0.007625579833984375
0.01139521598815918
0.012191534042358398
0.008794784545898438
