0.00769352912902832
0.010097026824951172
0.010434389114379883
0.012632608413696289
0.010508060455322266
0.007454633712768555
0.0133819580078125
0.009435176849365234
0.008574962615966797
0.0071299076080322266
0.010309696197509766
0.010410070419311523
0.009818315505981445
0.008004426956176758
0.010963201522827148
0.007645606994628906
0.007317304611206055
0.010381937026977539
0.012587547302246094
0.00785374641418457
0.009717941284179688
0.010554313659667969
0.008541345596313477
0.012451410293579102
0.007654666900634766
0.009488821029663086
0.013412952423095703
0.007933855056762695
0.0075511932373046875
0.009430170059204102
0.009505510330200195
0.007416486740112305
0.009929418563842773
0.009851455688476562
0.007425546646118164
0.010350942611694336
0.00984048843383789
0.0077974796295166016
0.010240793228149414
0.009824514389038086
0.007814645767211914
0.010201692581176758
0.010436773300170898
0.0077533721923828125
0.011755943298339844
0.007722616195678711
0.007338285446166992
0.009813785552978516
0.009641408920288086
0.011196136474609375
0.007806539535522461
0.0093994140625
0.008961915969848633
0.007711648941040039
0.00957942008972168
0.011584281921386719
0.007436275482177734
0.010013818740844727
0.00997304916381836
0.008879423141479492
0.009836673736572266
0.008807897567749023
0.008945465087890625
0.009578227996826172
0.010980606079101562
0.011181831359863281
0.011097431182861328
0.016867876052856445
0.0075833797454833984
0.015998125076293945
0.009774208068847656
0.008910894393920898
0.007824182510375977
0.009808778762817383
0.006844758987426758
0.010590314865112305
0.011066198348999023
0.010756254196166992
0.013113737106323242
0.009819984436035156
0.007519960403442383
0.010084152221679688
0.010260820388793945
0.013653755187988281
0.011053323745727539
0.007587909698486328
0.010097980499267578
0.009826183319091797
0.010598421096801758
0.008300542831420898
0.01918792724609375
0.009902238845825195
0.010151147842407227
0.007498025894165039
0.010412931442260742
0.010230541229248047
0.006991386413574219
0.010419368743896484
0.010791301727294922
0.0074460506439208984
