0.0001552104949951172
7.796287536621094e-05
7.581710815429688e-05
7.319450378417969e-05
7.343292236328125e-05
7.390975952148438e-05
7.224082946777344e-05
7.200241088867188e-05
7.152557373046875e-05
7.748603820800781e-05
7.152557373046875e-05
7.319450378417969e-05
7.081031799316406e-05
7.128715515136719e-05
7.82012939453125e-05
7.319450378417969e-05
7.176399230957031e-05
7.200241088867188e-05
7.128715515136719e-05
7.081031799316406e-05
7.343292236328125e-05
7.224082946777344e-05
7.152557373046875e-05
7.152557373046875e-05
7.05718994140625e-05
7.176399230957031e-05
7.05718994140625e-05
7.176399230957031e-05
7.2479248046875e-05
7.05718994140625e-05
7.700920104980469e-05
7.176399230957031e-05
7.081031799316406e-05
7.104873657226562e-05
7.104873657226562e-05
9.632110595703125e-05
7.462501525878906e-05
7.486343383789062e-05
7.486343383789062e-05
8.153915405273438e-05
7.581710815429688e-05
7.486343383789062e-05
7.534027099609375e-05
7.462501525878906e-05
7.486343383789062e-05
7.390975952148438e-05
8.153915405273438e-05
7.462501525878906e-05
7.462501525878906e-05
7.43865966796875e-05
7.534027099609375e-05
7.605552673339844e-05
7.534027099609375e-05
7.43865966796875e-05
7.557868957519531e-05
7.557868957519531e-05
7.510185241699219e-05
7.557868957519531e-05
7.43865966796875e-05
7.390975952148438e-05
7.43865966796875e-05
7.534027099609375e-05
7.43865966796875e-05
7.557868957519531e-05
7.534027099609375e-05
7.486343383789062e-05
7.510185241699219e-05
7.510185241699219e-05
7.462501525878906e-05
7.462501525878906e-05
7.557868957519531e-05
7.987022399902344e-05
7.534027099609375e-05
7.43865966796875e-05
7.486343383789062e-05
7.510185241699219e-05
7.796287536621094e-05
7.152557373046875e-05
7.200241088867188e-05
9.846687316894531e-05
7.128715515136719e-05
0.0001316070556640625
7.200241088867188e-05
7.104873657226562e-05
7.033348083496094e-05
6.961822509765625e-05
7.104873657226562e-05
7.319450378417969e-05
7.128715515136719e-05
7.462501525878906e-05
7.510185241699219e-05
7.414817810058594e-05
7.462501525878906e-05
7.510185241699219e-05
0.00010561943054199219
7.605552673339844e-05
7.534027099609375e-05
8.153915405273438e-05
7.510185241699219e-05
7.605552673339844e-05
