0.009655952453613281
0.011156797409057617
0.009902238845825195
0.012396812438964844
0.021160602569580078
0.008515596389770508
0.011250972747802734
0.010138273239135742
0.009857177734375
0.008315324783325195
0.010299205780029297
0.010083198547363281
0.01135396957397461
0.007533073425292969
0.012122392654418945
0.00942373275756836
0.008069753646850586
0.010336875915527344
0.011936664581298828
0.007908821105957031
0.009805917739868164
0.011844396591186523
0.007567882537841797
0.01159048080444336
0.008276700973510742
0.011003494262695312
0.012380361557006836
0.007929563522338867
0.007816791534423828
0.01361083984375
0.013724565505981445
0.008098125457763672
0.010733842849731445
0.011846542358398438
0.007714271545410156
0.011245250701904297
0.011340618133544922
0.007829427719116211
0.010550498962402344
0.01001739501953125
0.010423421859741211
0.010538339614868164
0.010923624038696289
0.008227348327636719
0.010257482528686523
0.00837087631225586
0.010472536087036133
0.010267257690429688
0.011953115463256836
0.011319875717163086
0.0076198577880859375
0.010168313980102539
0.011174201965332031
0.007896900177001953
0.01045989990234375
0.010783195495605469
0.008254766464233398
0.01097726821899414
0.012146711349487305
0.008182764053344727
0.010937690734863281
0.008216619491577148
0.007674217224121094
0.010220050811767578
0.011155366897583008
0.018524646759033203
0.015904664993286133
0.008278131484985352
0.00915670394897461
0.011089086532592773
0.010829687118530273
0.008338689804077148
0.013713836669921875
0.011277914047241211
0.007790088653564453
0.010359764099121094
0.011009931564331055
0.011306047439575195
0.011602401733398438
0.01085352897644043
0.008776664733886719
0.013033390045166016
0.013150453567504883
0.01194906234741211
0.011594533920288086
0.011453628540039062
0.01129913330078125
0.011187076568603516
0.01208186149597168
0.008223533630371094
0.013645172119140625
0.012408256530761719
0.015438318252563477
0.008447408676147461
0.012303829193115234
0.011667251586914062
0.008687496185302734
0.01293182373046875
0.0113372802734375
0.00944828987121582
