0.7730772495269775
0.014413595199584961
0.013602256774902344
0.012767791748046875
0.012942790985107422
0.01060795783996582
0.013383865356445312
0.012902498245239258
0.013378620147705078
0.010901451110839844
0.014138936996459961
0.013510704040527344
0.01349329948425293
0.03252387046813965
0.013297319412231445
0.011470556259155273
0.01050877571105957
0.01273488998413086
0.01361989974975586
0.012061357498168945
0.013371467590332031
0.013328313827514648
0.011851072311401367
0.01372218132019043
0.010691165924072266
0.013365507125854492
0.013294458389282227
0.010914802551269531
0.010794878005981445
0.01428985595703125
0.014230966567993164
0.010230302810668945
0.013322114944458008
0.013332843780517578
0.010479450225830078
0.013510704040527344
0.01267552375793457
0.010815620422363281
0.013125181198120117
0.013200759887695312
0.010337114334106445
0.013382911682128906
0.01274728775024414
0.011205911636352539
0.013831615447998047
0.010750055313110352
0.01098489761352539
0.013369083404541016
0.014010429382324219
0.013302087783813477
0.010736227035522461
0.013109922409057617
0.014587879180908203
0.011134624481201172
0.013012409210205078
0.01361393928527832
0.011004447937011719
0.014827728271484375
0.02619624137878418
0.011904716491699219
0.013269424438476562
0.010999202728271484
0.011028766632080078
0.012598276138305664
0.01370096206665039
0.012286186218261719
0.013361454010009766
0.01126861572265625
0.010666608810424805
0.014475822448730469
0.013388395309448242
0.010639190673828125
0.009631872177124023
0.012966394424438477
0.014452934265136719
0.01346135139465332
0.013516664505004883
0.014195680618286133
0.013396739959716797
0.012833118438720703
0.010489702224731445
0.0137481689453125
0.01361989974975586
0.013983726501464844
0.013342618942260742
0.010747671127319336
0.013445377349853516
0.012812137603759766
0.013219833374023438
0.01139688491821289
0.014774322509765625
0.01373744010925293
0.01336216926574707
0.010405540466308594
0.013611316680908203
0.013756752014160156
0.011940479278564453
0.014023780822753906
0.013470172882080078
0.012594223022460938
