0.00019168853759765625
8.058547973632812e-05
7.939338684082031e-05
7.700920104980469e-05
7.653236389160156e-05
7.62939453125e-05
7.796287536621094e-05
7.748603820800781e-05
7.82012939453125e-05
7.462501525878906e-05
7.534027099609375e-05
8.177757263183594e-05
7.557868957519531e-05
7.677078247070312e-05
7.605552673339844e-05
7.486343383789062e-05
8.153915405273438e-05
7.510185241699219e-05
7.43865966796875e-05
7.462501525878906e-05
7.557868957519531e-05
8.130073547363281e-05
0.000125885009765625
7.581710815429688e-05
7.486343383789062e-05
7.390975952148438e-05
7.486343383789062e-05
8.130073547363281e-05
7.486343383789062e-05
7.62939453125e-05
8.368492126464844e-05
7.581710815429688e-05
7.534027099609375e-05
7.510185241699219e-05
7.581710815429688e-05
7.486343383789062e-05
9.34600830078125e-05
7.867813110351562e-05
7.748603820800781e-05
0.000118255615234375
7.963180541992188e-05
8.463859558105469e-05
7.867813110351562e-05
7.700920104980469e-05
7.843971252441406e-05
7.891654968261719e-05
7.891654968261719e-05
8.106231689453125e-05
7.82012939453125e-05
7.867813110351562e-05
8.058547973632812e-05
7.915496826171875e-05
7.891654968261719e-05
7.82012939453125e-05
8.96453857421875e-05
8.440017700195312e-05
7.867813110351562e-05
8.559226989746094e-05
7.724761962890625e-05
7.581710815429688e-05
7.581710815429688e-05
7.43865966796875e-05
7.43865966796875e-05
8.058547973632812e-05
7.534027099609375e-05
8.034706115722656e-05
7.414817810058594e-05
7.367134094238281e-05
7.390975952148438e-05
7.343292236328125e-05
7.462501525878906e-05
7.390975952148438e-05
8.082389831542969e-05
7.414817810058594e-05
7.367134094238281e-05
7.390975952148438e-05
8.296966552734375e-05
7.510185241699219e-05
0.0001049041748046875
8.130073547363281e-05
8.440017700195312e-05
0.00014162063598632812
7.653236389160156e-05
7.653236389160156e-05
7.486343383789062e-05
7.343292236328125e-05
7.390975952148438e-05
7.414817810058594e-05
7.510185241699219e-05
7.367134094238281e-05
7.43865966796875e-05
7.367134094238281e-05
9.584426879882812e-05
7.367134094238281e-05
7.462501525878906e-05
8.0108642578125e-05
7.987022399902344e-05
8.130073547363281e-05
7.987022399902344e-05
7.557868957519531e-05
