0.6271176338195801
0.09856104850769043
0.014015913009643555
0.014476537704467773
0.015782833099365234
0.09818339347839355
0.014852046966552734
0.014695882797241211
0.012911558151245117
0.837785005569458
0.015458345413208008
0.013839960098266602
0.013971805572509766
0.01153874397277832
0.013948917388916016
0.011368989944458008
0.012575149536132812
0.014795780181884766
0.013223886489868164
0.011751174926757812
0.013766288757324219
0.014771223068237305
0.016382932662963867
0.014948129653930664
0.011854887008666992
0.013909339904785156
0.01294088363647461
0.011693477630615234
0.01183629035949707
0.013678789138793945
0.015191316604614258
0.011851072311401367
0.016896486282348633
0.0133056640625
0.01140904426574707
0.014166116714477539
0.013672351837158203
0.012146472930908203
0.0146026611328125
0.01299905776977539
0.011361837387084961
0.015497207641601562
0.013721466064453125
0.011324644088745117
0.013827085494995117
0.012340545654296875
0.012547731399536133
0.013585805892944336
0.01446390151977539
0.013448476791381836
0.010998010635375977
0.013216495513916016
0.012761831283569336
0.012415885925292969
0.013846874237060547
0.01577162742614746
0.010885953903198242
0.0134124755859375
0.013785123825073242
0.011206865310668945
0.021955013275146484
0.01277017593383789
0.012076139450073242
0.013765335083007812
0.016040802001953125
0.01253056526184082
0.01592111587524414
0.011433124542236328
0.011201858520507812
0.013982295989990234
0.013731241226196289
0.011644363403320312
0.011045455932617188
0.013070821762084961
0.01180887222290039
0.015825748443603516
0.013920068740844727
0.014133691787719727
0.014429807662963867
0.013907670974731445
0.011620283126831055
0.015833377838134766
0.014521598815917969
0.016188383102416992
0.017161846160888672
0.011633634567260742
0.014671564102172852
0.014508485794067383
0.014188766479492188
0.012966156005859375
0.01495051383972168
0.016807079315185547
0.014558792114257812
0.01226806640625
0.013769865036010742
0.014065980911254883
0.01116037368774414
0.014142274856567383
0.014247894287109375
0.014123678207397461
