0.00016260147094726562
8.20159912109375e-05
7.843971252441406e-05
7.939338684082031e-05
7.963180541992188e-05
7.891654968261719e-05
7.843971252441406e-05
8.082389831542969e-05
7.796287536621094e-05
7.843971252441406e-05
7.843971252441406e-05
0.0019059181213378906
8.034706115722656e-05
8.130073547363281e-05
8.082389831542969e-05
8.20159912109375e-05
7.867813110351562e-05
7.891654968261719e-05
7.891654968261719e-05
7.963180541992188e-05
7.891654968261719e-05
8.535385131835938e-05
7.82012939453125e-05
7.915496826171875e-05
8.058547973632812e-05
8.082389831542969e-05
7.891654968261719e-05
7.891654968261719e-05
8.702278137207031e-05
7.939338684082031e-05
7.891654968261719e-05
7.963180541992188e-05
8.082389831542969e-05
8.654594421386719e-05
8.511543273925781e-05
7.939338684082031e-05
7.963180541992188e-05
7.843971252441406e-05
7.939338684082031e-05
7.987022399902344e-05
7.796287536621094e-05
7.82012939453125e-05
8.0108642578125e-05
7.891654968261719e-05
7.843971252441406e-05
7.915496826171875e-05
7.843971252441406e-05
7.939338684082031e-05
8.606910705566406e-05
7.843971252441406e-05
7.867813110351562e-05
7.772445678710938e-05
7.796287536621094e-05
7.963180541992188e-05
7.891654968261719e-05
7.843971252441406e-05
7.891654968261719e-05
8.440017700195312e-05
7.843971252441406e-05
7.82012939453125e-05
7.867813110351562e-05
7.939338684082031e-05
8.893013000488281e-05
7.963180541992188e-05
7.915496826171875e-05
7.677078247070312e-05
8.177757263183594e-05
8.273124694824219e-05
7.414817810058594e-05
7.43865966796875e-05
7.62939453125e-05
7.43865966796875e-05
7.414817810058594e-05
7.486343383789062e-05
8.106231689453125e-05
7.43865966796875e-05
7.367134094238281e-05
7.462501525878906e-05
8.177757263183594e-05
7.390975952148438e-05
7.43865966796875e-05
7.295608520507812e-05
8.058547973632812e-05
7.486343383789062e-05
7.700920104980469e-05
7.462501525878906e-05
7.390975952148438e-05
7.367134094238281e-05
7.390975952148438e-05
8.106231689453125e-05
7.510185241699219e-05
7.987022399902344e-05
7.462501525878906e-05
7.486343383789062e-05
8.058547973632812e-05
7.534027099609375e-05
7.486343383789062e-05
8.058547973632812e-05
0.0001342296600341797
7.390975952148438e-05
