0.03970074653625488
0.6170303821563721
0.10077118873596191
0.014003515243530273
0.013426542282104492
0.11302614212036133
0.013532400131225586
0.013702869415283203
0.013411760330200195
0.010610818862915039
0.01358938217163086
0.014612674713134766
0.021633386611938477
0.010534048080444336
0.016288042068481445
0.011054277420043945
0.011726140975952148
0.012241363525390625
0.013204336166381836
0.013129472732543945
0.02909111976623535
0.01739025115966797
0.010298490524291992
0.013190269470214844
0.010854959487915039
0.012979984283447266
0.012843847274780273
0.020215988159179688
0.011393547058105469
0.030068397521972656
0.014161109924316406
0.011334657669067383
0.013846158981323242
0.014297246932983398
0.011713743209838867
0.014762639999389648
0.012139558792114258
0.012573003768920898
0.013092279434204102
0.013376951217651367
0.01596236228942871
0.012937545776367188
0.03328680992126465
0.011096954345703125
0.012726306915283203
0.01251983642578125
0.011873722076416016
0.012706279754638672
0.013862133026123047
0.015149831771850586
0.024138212203979492
0.014175653457641602
0.013894319534301758
0.011929035186767578
0.01461482048034668
0.017159461975097656
0.010748624801635742
0.013315677642822266
0.01367807388305664
0.011924028396606445
0.013478517532348633
0.010589599609375
0.011615514755249023
0.013205289840698242
0.012909173965454102
0.013312578201293945
0.014693021774291992
0.020412683486938477
0.015312433242797852
0.014670848846435547
0.015317440032958984
0.011710643768310547
0.011669158935546875
0.012614727020263672
0.011303901672363281
0.013202667236328125
0.013293027877807617
0.0303037166595459
0.013104677200317383
0.012976408004760742
0.010602474212646484
0.014035940170288086
0.013712644577026367
0.013253211975097656
0.014656305313110352
0.010494470596313477
0.013967275619506836
0.012980937957763672
0.03263258934020996
0.01414036750793457
0.014701366424560547
0.013649940490722656
0.012889623641967773
0.012446165084838867
0.013427019119262695
0.013810157775878906
0.021292686462402344
0.014750242233276367
0.013932228088378906
0.012298822402954102
