0.00831460952758789
0.007775306701660156
0.008307933807373047
0.007364034652709961
0.0072901248931884766
0.007507801055908203
0.00772547721862793
0.007354021072387695
0.009919881820678711
0.007567405700683594
0.009587526321411133
0.00726771354675293
0.008172273635864258
0.007659196853637695
0.0076563358306884766
0.00761866569519043
0.007628440856933594
0.0074939727783203125
0.007781982421875
0.007489204406738281
0.007987260818481445
0.008074522018432617
0.007574319839477539
0.007656574249267578
0.008066177368164062
0.007386445999145508
0.0074388980865478516
0.006997823715209961
0.007296323776245117
0.007525444030761719
0.0083160400390625
0.007616281509399414
0.008056163787841797
0.007581949234008789
0.007525920867919922
0.0076520442962646484
0.007496356964111328
0.007673501968383789
0.00737452507019043
0.007715702056884766
0.00761723518371582
0.007379770278930664
0.00801539421081543
0.007890462875366211
0.007483005523681641
0.007405757904052734
0.008016347885131836
0.007349729537963867
0.007445335388183594
0.007902145385742188
0.007450580596923828
0.007300615310668945
0.007571697235107422
0.00811147689819336
0.008046388626098633
0.007794857025146484
0.007129669189453125
0.007992744445800781
0.00962209701538086
0.008462190628051758
0.0075070858001708984
0.007619380950927734
0.007479667663574219
0.007215976715087891
0.007880449295043945
0.007631778717041016
0.007615089416503906
0.007858991622924805
0.007585048675537109
0.00741887092590332
0.007790565490722656
0.007350444793701172
0.008075952529907227
0.008141040802001953
0.007763862609863281
0.007983922958374023
0.007328033447265625
0.007020235061645508
0.007187604904174805
0.007786273956298828
0.007117033004760742
0.00932002067565918
0.008218765258789062
0.008617877960205078
0.007708549499511719
0.007911443710327148
0.007870912551879883
0.007540702819824219
0.007350444793701172
0.007626056671142578
0.0073735713958740234
0.007410287857055664
0.008060693740844727
0.007717609405517578
0.008002758026123047
0.011417627334594727
0.008848905563354492
0.007788181304931641
0.007597446441650391
0.008070230484008789
