0.00018143653869628906
7.82012939453125e-05
7.510185241699219e-05
7.367134094238281e-05
8.130073547363281e-05
7.2479248046875e-05
7.2479248046875e-05
7.319450378417969e-05
7.271766662597656e-05
7.677078247070312e-05
7.176399230957031e-05
7.152557373046875e-05
7.104873657226562e-05
7.152557373046875e-05
7.128715515136719e-05
7.05718994140625e-05
7.152557373046875e-05
0.0001430511474609375
9.584426879882812e-05
7.176399230957031e-05
7.319450378417969e-05
7.176399230957031e-05
7.081031799316406e-05
7.176399230957031e-05
7.033348083496094e-05
7.295608520507812e-05
7.2479248046875e-05
7.128715515136719e-05
7.152557373046875e-05
7.152557373046875e-05
7.653236389160156e-05
7.009506225585938e-05
7.081031799316406e-05
0.00010228157043457031
7.200241088867188e-05
7.82012939453125e-05
7.081031799316406e-05
7.081031799316406e-05
7.104873657226562e-05
7.05718994140625e-05
7.152557373046875e-05
7.033348083496094e-05
7.224082946777344e-05
7.128715515136719e-05
7.176399230957031e-05
7.152557373046875e-05
7.152557373046875e-05
7.05718994140625e-05
7.152557373046875e-05
7.2479248046875e-05
7.104873657226562e-05
7.081031799316406e-05
7.033348083496094e-05
7.05718994140625e-05
7.104873657226562e-05
6.985664367675781e-05
7.82012939453125e-05
7.104873657226562e-05
7.081031799316406e-05
7.677078247070312e-05
7.390975952148438e-05
7.367134094238281e-05
7.414817810058594e-05
7.43865966796875e-05
7.414817810058594e-05
7.343292236328125e-05
7.486343383789062e-05
7.390975952148438e-05
7.510185241699219e-05
8.344650268554688e-05
7.367134094238281e-05
7.152557373046875e-05
7.2479248046875e-05
7.033348083496094e-05
6.961822509765625e-05
7.939338684082031e-05
7.843971252441406e-05
7.081031799316406e-05
7.581710815429688e-05
7.224082946777344e-05
7.009506225585938e-05
7.05718994140625e-05
7.700920104980469e-05
6.985664367675781e-05
7.557868957519531e-05
7.009506225585938e-05
7.033348083496094e-05
6.985664367675781e-05
7.081031799316406e-05
7.009506225585938e-05
7.104873657226562e-05
7.724761962890625e-05
8.082389831542969e-05
7.200241088867188e-05
7.128715515136719e-05
7.033348083496094e-05
7.05718994140625e-05
7.033348083496094e-05
7.05718994140625e-05
6.961822509765625e-05
