0.012188196182250977
0.01421976089477539
0.013178825378417969
0.015002012252807617
0.012815713882446289
0.011499643325805664
0.020873308181762695
0.013417959213256836
0.013187885284423828
0.011301517486572266
0.013674497604370117
0.014562845230102539
0.013614177703857422
0.012389421463012695
0.01511693000793457
0.011213302612304688
0.011134147644042969
0.013109207153320312
0.017914772033691406
0.012212276458740234
0.013091087341308594
0.013745784759521484
0.010965347290039062
0.01328134536743164
0.010836601257324219
0.012334823608398438
0.012731075286865234
0.010660409927368164
0.009902000427246094
0.013764381408691406
0.012932062149047852
0.010496139526367188
0.013655424118041992
0.014006853103637695
0.011810064315795898
0.013792991638183594
0.013965368270874023
0.010902166366577148
0.014625310897827148
0.013236761093139648
0.01091766357421875
0.012241840362548828
0.01315927505493164
0.010513544082641602
0.012783527374267578
0.013033866882324219
0.012308597564697266
0.012291669845581055
0.012407302856445312
0.013707876205444336
0.01457071304321289
0.014228105545043945
0.014482259750366211
0.012925386428833008
0.01300501823425293
0.013972997665405273
0.0126953125
0.013330221176147461
0.013095378875732422
0.013941526412963867
0.012372493743896484
0.012187719345092773
0.011747360229492188
0.013055562973022461
0.013691902160644531
0.013556480407714844
0.013313531875610352
0.01272130012512207
0.012578725814819336
0.01275491714477539
0.013860940933227539
0.013995885848999023
0.013693094253540039
0.013122081756591797
0.012484312057495117
0.01296377182006836
0.013602256774902344
0.013831377029418945
0.014210700988769531
0.013022184371948242
0.012288570404052734
0.013026952743530273
0.012980461120605469
0.021224021911621094
0.01317286491394043
0.014115095138549805
0.013161182403564453
0.01347970962524414
0.013338088989257812
0.01343679428100586
0.013872146606445312
0.01329183578491211
0.012907743453979492
0.015214681625366211
0.014331340789794922
0.014607667922973633
0.012302637100219727
0.01348876953125
0.012729406356811523
0.012300491333007812
