0.009885787963867188
0.012780904769897461
0.010567665100097656
0.011286258697509766
0.011248350143432617
0.008601903915405273
0.011587381362915039
0.010666608810424805
0.010363340377807617
0.008625507354736328
0.015139341354370117
0.010296821594238281
0.0094146728515625
0.007979869842529297
0.010665655136108398
0.007296562194824219
0.009433269500732422
0.010486841201782227
0.01411294937133789
0.00829935073852539
0.011136770248413086
0.016933441162109375
0.008862733840942383
0.01106405258178711
0.008567094802856445
0.010570049285888672
0.010187864303588867
0.007899761199951172
0.008535146713256836
0.017585277557373047
0.010837316513061523
0.0077972412109375
0.010522603988647461
0.00999307632446289
0.007694721221923828
0.009047985076904297
0.00951242446899414
0.007985830307006836
0.012828588485717773
0.010343313217163086
0.007899999618530273
0.012778759002685547
0.009589910507202148
0.01048898696899414
0.01156306266784668
0.008070707321166992
0.008107662200927734
0.010729551315307617
0.010984420776367188
0.013330221176147461
0.008197784423828125
0.010490179061889648
0.01056361198425293
0.007609128952026367
0.010874032974243164
0.01672530174255371
0.0077190399169921875
0.012865781784057617
0.014313459396362305
0.00847315788269043
0.01672220230102539
0.008063077926635742
0.0073778629302978516
0.010045528411865234
0.011371374130249023
0.010088682174682617
0.01114964485168457
0.00808262825012207
0.00818777084350586
0.017192602157592773
0.010730981826782227
0.008912801742553711
0.00760960578918457
0.010084390640258789
0.007410526275634766
0.011197566986083984
0.010620832443237305
0.010881900787353516
0.01143646240234375
0.010962724685668945
0.008542537689208984
0.011965036392211914
0.01035761833190918
0.010740280151367188
0.0119476318359375
0.008357763290405273
0.01125788688659668
0.010679483413696289
0.010626077651977539
0.00871133804321289
0.011183023452758789
0.01028299331665039
0.012215852737426758
0.007371425628662109
0.010278701782226562
0.012222766876220703
0.008014678955078125
0.011521577835083008
0.011211633682250977
0.008129596710205078
