0.008008956909179688
0.007523536682128906
0.007001399993896484
0.007335662841796875
0.007839441299438477
0.008214473724365234
0.008288145065307617
0.007502317428588867
0.0072956085205078125
0.007443428039550781
0.007017850875854492
0.008462190628051758
0.007768392562866211
0.00815725326538086
0.008003950119018555
0.007481575012207031
0.00697779655456543
0.008901596069335938
0.007794618606567383
0.007325649261474609
0.008150577545166016
0.007597923278808594
0.007411003112792969
0.007566213607788086
0.0073604583740234375
0.007864952087402344
0.00782632827758789
0.007734775543212891
0.008575916290283203
0.00789499282836914
0.007754087448120117
0.007841825485229492
0.007748126983642578
0.007211208343505859
0.008047342300415039
0.007383823394775391
0.00767207145690918
0.007432699203491211
0.007820367813110352
0.007606983184814453
0.0075604915618896484
0.007567167282104492
0.007804393768310547
0.007383584976196289
0.00806117057800293
0.007318735122680664
0.007311344146728516
0.008431434631347656
0.008213281631469727
0.008046865463256836
0.007702350616455078
0.007515907287597656
0.008091211318969727
0.006935596466064453
0.008017778396606445
0.0074880123138427734
0.0077915191650390625
0.007764577865600586
0.0077435970306396484
0.007850170135498047
0.0077931880950927734
0.007604360580444336
0.007434368133544922
0.007808685302734375
0.008188962936401367
0.007598161697387695
0.008956432342529297
0.007281780242919922
0.007451295852661133
0.0077762603759765625
0.007226705551147461
0.007364511489868164
0.007836341857910156
0.0076465606689453125
0.007352590560913086
0.008093595504760742
0.008564949035644531
0.007742643356323242
0.008388280868530273
0.007310390472412109
0.007617950439453125
0.007518291473388672
0.008040189743041992
0.008075952529907227
0.007627725601196289
0.007730960845947266
0.007781267166137695
0.007203578948974609
0.007732868194580078
0.007942438125610352
0.007803201675415039
0.007051229476928711
0.00968170166015625
0.008142948150634766
0.007781028747558594
0.007757425308227539
0.0072956085205078125
0.008251190185546875
0.008419990539550781
0.00836491584777832
