0.0001049041748046875
3.910064697265625e-05
3.361701965332031e-05
3.218650817871094e-05
3.1948089599609375e-05
3.075599670410156e-05
3.0994415283203125e-05
3.123283386230469e-05
2.9802322387695312e-05
3.170967102050781e-05
3.0994415283203125e-05
2.9802322387695312e-05
2.9802322387695312e-05
3.0517578125e-05
3.314018249511719e-05
3.0517578125e-05
3.0279159545898438e-05
3.0040740966796875e-05
3.0279159545898438e-05
3.075599670410156e-05
2.9802322387695312e-05
3.0517578125e-05
3.0279159545898438e-05
3.0517578125e-05
3.075599670410156e-05
3.337860107421875e-05
3.075599670410156e-05
3.0279159545898438e-05
3.266334533691406e-05
3.218650817871094e-05
3.0517578125e-05
3.3855438232421875e-05
3.218650817871094e-05
3.1948089599609375e-05
2.9087066650390625e-05
3.170967102050781e-05
3.170967102050781e-05
2.8848648071289062e-05
2.9087066650390625e-05
2.9087066650390625e-05
2.9087066650390625e-05
2.8848648071289062e-05
2.8371810913085938e-05
2.8371810913085938e-05
2.8133392333984375e-05
2.8133392333984375e-05
2.86102294921875e-05
2.765655517578125e-05
2.8133392333984375e-05
5.817413330078125e-05
2.8848648071289062e-05
2.8848648071289062e-05
2.9087066650390625e-05
2.86102294921875e-05
2.8848648071289062e-05
2.9802322387695312e-05
3.0040740966796875e-05
2.956390380859375e-05
2.9325485229492188e-05
2.8371810913085938e-05
2.9087066650390625e-05
2.8371810913085938e-05
3.361701965332031e-05
2.8133392333984375e-05
2.8371810913085938e-05
2.86102294921875e-05
2.765655517578125e-05
2.8133392333984375e-05
2.7418136596679688e-05
2.8133392333984375e-05
0.00016427040100097656
2.9325485229492188e-05
2.8848648071289062e-05
2.7894973754882812e-05
2.8133392333984375e-05
2.8371810913085938e-05
3.3855438232421875e-05
2.7894973754882812e-05
2.8371810913085938e-05
2.956390380859375e-05
2.8371810913085938e-05
0.00010323524475097656
2.956390380859375e-05
2.9802322387695312e-05
2.9802322387695312e-05
2.956390380859375e-05
2.9087066650390625e-05
2.9802322387695312e-05
2.8848648071289062e-05
2.8848648071289062e-05
3.528594970703125e-05
2.9087066650390625e-05
2.9087066650390625e-05
2.86102294921875e-05
2.8848648071289062e-05
2.86102294921875e-05
2.8133392333984375e-05
2.8133392333984375e-05
2.7894973754882812e-05
2.7894973754882812e-05
