0.0187990665435791
0.015594005584716797
0.015121698379516602
0.01686239242553711
0.01476740837097168
0.011524200439453125
0.014852523803710938
0.014601707458496094
0.013620138168334961
0.01331472396850586
0.014342546463012695
0.014099359512329102
0.021522045135498047
0.016274213790893555
0.014998912811279297
0.011334896087646484
0.01099848747253418
0.014622211456298828
0.013824939727783203
0.010811805725097656
0.013596057891845703
0.014913082122802734
0.0171358585357666
0.014369726181030273
0.01209115982055664
0.01621222496032715
0.013985633850097656
0.011361122131347656
0.01137685775756836
0.016480207443237305
0.021087646484375
0.028114795684814453
0.021992206573486328
0.014293909072875977
0.010988950729370117
0.01395559310913086
0.015261650085449219
0.010964155197143555
0.013540983200073242
0.013865470886230469
0.02039313316345215
0.013581037521362305
0.013943195343017578
0.011998414993286133
0.013916015625
0.022154569625854492
0.011679649353027344
0.024845600128173828
0.013540506362915039
0.014936685562133789
0.01201319694519043
0.04359722137451172
0.01394796371459961
0.011173248291015625
0.015432119369506836
0.014372825622558594
0.015931367874145508
0.013203859329223633
0.014753103256225586
0.011762619018554688
0.01412820816040039
0.016324996948242188
0.012372016906738281
0.014358758926391602
0.015053749084472656
0.013143539428710938
0.012956619262695312
0.011281251907348633
0.010620355606079102
0.013760805130004883
0.014381170272827148
0.010534048080444336
0.01112508773803711
0.01389312744140625
0.01356053352355957
0.014400243759155273
0.01377248764038086
0.014449834823608398
0.013746500015258789
0.013713598251342773
0.011140108108520508
0.014174222946166992
0.015695810317993164
0.014419078826904297
0.015679597854614258
0.011543989181518555
0.015403509140014648
0.01399683952331543
0.01330256462097168
0.014750957489013672
0.014068841934204102
0.014343976974487305
0.01599431037902832
0.01158905029296875
0.013142108917236328
0.01391458511352539
0.011677980422973633
0.014123916625976562
0.013304471969604492
0.01117253303527832
