0.00010538101196289062
4.00543212890625e-05
3.5762786865234375e-05
3.337860107421875e-05
3.314018249511719e-05
3.218650817871094e-05
3.218650817871094e-05
3.1948089599609375e-05
3.218650817871094e-05
3.123283386230469e-05
3.218650817871094e-05
3.1948089599609375e-05
3.170967102050781e-05
3.170967102050781e-05
3.147125244140625e-05
3.7670135498046875e-05
3.0994415283203125e-05
2.9802322387695312e-05
2.9802322387695312e-05
3.0040740966796875e-05
3.0040740966796875e-05
3.337860107421875e-05
3.504753112792969e-05
2.9802322387695312e-05
3.0517578125e-05
3.123283386230469e-05
3.814697265625e-05
4.982948303222656e-05
3.0994415283203125e-05
3.147125244140625e-05
3.266334533691406e-05
3.0279159545898438e-05
3.361701965332031e-05
3.0517578125e-05
3.170967102050781e-05
3.266334533691406e-05
3.24249267578125e-05
3.0517578125e-05
3.147125244140625e-05
3.123283386230469e-05
3.0994415283203125e-05
3.123283386230469e-05
3.123283386230469e-05
3.147125244140625e-05
3.0994415283203125e-05
3.075599670410156e-05
3.0517578125e-05
3.361701965332031e-05
3.24249267578125e-05
3.170967102050781e-05
3.123283386230469e-05
3.0994415283203125e-05
3.0279159545898438e-05
3.0517578125e-05
3.0279159545898438e-05
3.0040740966796875e-05
3.0040740966796875e-05
3.0517578125e-05
3.170967102050781e-05
3.170967102050781e-05
3.147125244140625e-05
3.123283386230469e-05
3.0994415283203125e-05
3.0517578125e-05
3.123283386230469e-05
3.0517578125e-05
3.1948089599609375e-05
3.0994415283203125e-05
3.314018249511719e-05
3.170967102050781e-05
3.1948089599609375e-05
3.0994415283203125e-05
3.075599670410156e-05
3.337860107421875e-05
3.3855438232421875e-05
3.337860107421875e-05
3.170967102050781e-05
3.170967102050781e-05
3.075599670410156e-05
3.0040740966796875e-05
3.0279159545898438e-05
0.000110626220703125
3.0279159545898438e-05
3.075599670410156e-05
3.075599670410156e-05
3.0994415283203125e-05
3.0040740966796875e-05
3.123283386230469e-05
2.9802322387695312e-05
3.075599670410156e-05
3.0279159545898438e-05
3.0517578125e-05
3.0040740966796875e-05
3.0279159545898438e-05
3.075599670410156e-05
3.075599670410156e-05
3.0994415283203125e-05
3.0279159545898438e-05
3.075599670410156e-05
2.956390380859375e-05
