0.0001068115234375
3.910064697265625e-05
3.5762786865234375e-05
3.457069396972656e-05
3.2901763916015625e-05
3.314018249511719e-05
3.2901763916015625e-05
3.2901763916015625e-05
7.009506225585938e-05
3.314018249511719e-05
3.24249267578125e-05
3.2901763916015625e-05
3.218650817871094e-05
3.2901763916015625e-05
3.528594970703125e-05
3.552436828613281e-05
3.528594970703125e-05
3.409385681152344e-05
3.4809112548828125e-05
3.4332275390625e-05
3.457069396972656e-05
4.0531158447265625e-05
3.552436828613281e-05
3.4809112548828125e-05
3.4809112548828125e-05
3.528594970703125e-05
3.6716461181640625e-05
4.029273986816406e-05
3.361701965332031e-05
3.528594970703125e-05
3.528594970703125e-05
3.528594970703125e-05
3.457069396972656e-05
3.457069396972656e-05
3.552436828613281e-05
3.528594970703125e-05
3.3855438232421875e-05
3.4809112548828125e-05
3.4809112548828125e-05
3.4809112548828125e-05
3.4809112548828125e-05
3.528594970703125e-05
3.3855438232421875e-05
3.528594970703125e-05
3.62396240234375e-05
3.5762786865234375e-05
3.504753112792969e-05
3.504753112792969e-05
3.552436828613281e-05
3.552436828613281e-05
3.552436828613281e-05
3.528594970703125e-05
4.315376281738281e-05
3.457069396972656e-05
3.4809112548828125e-05
3.457069396972656e-05
3.3855438232421875e-05
3.4332275390625e-05
3.4332275390625e-05
3.504753112792969e-05
3.552436828613281e-05
3.4809112548828125e-05
3.600120544433594e-05
3.528594970703125e-05
3.528594970703125e-05
3.504753112792969e-05
3.552436828613281e-05
0.00011873245239257812
3.62396240234375e-05
3.504753112792969e-05
3.504753112792969e-05
3.5762786865234375e-05
3.552436828613281e-05
3.528594970703125e-05
3.5762786865234375e-05
3.528594970703125e-05
3.4809112548828125e-05
3.552436828613281e-05
3.552436828613281e-05
6.4849853515625e-05
3.5762786865234375e-05
3.4809112548828125e-05
3.4809112548828125e-05
3.528594970703125e-05
3.457069396972656e-05
3.504753112792969e-05
3.4809112548828125e-05
3.4809112548828125e-05
3.457069396972656e-05
3.457069396972656e-05
3.457069396972656e-05
3.4332275390625e-05
3.4332275390625e-05
3.4809112548828125e-05
3.4809112548828125e-05
4.00543212890625e-05
3.528594970703125e-05
5.5789947509765625e-05
3.552436828613281e-05
3.528594970703125e-05
0.00011610984802246094
5.7220458984375e-05
6.771087646484375e-05
5.3882598876953125e-05
5.0067901611328125e-05
4.673004150390625e-05
4.315376281738281e-05
7.605552673339844e-05
4.57763671875e-05
4.076957702636719e-05
3.886222839355469e-05
3.695487976074219e-05
4.601478576660156e-05
3.719329833984375e-05
3.981590270996094e-05
4.696846008300781e-05
4.1961669921875e-05
4.696846008300781e-05
0.00014090538024902344
5.1975250244140625e-05
4.410743713378906e-05
4.029273986816406e-05
3.695487976074219e-05
3.5762786865234375e-05
3.409385681152344e-05
3.361701965332031e-05
3.314018249511719e-05
3.2901763916015625e-05
3.2901763916015625e-05
3.1948089599609375e-05
3.2901763916015625e-05
3.314018249511719e-05
3.2901763916015625e-05
3.2901763916015625e-05
3.695487976074219e-05
4.482269287109375e-05
3.504753112792969e-05
3.719329833984375e-05
3.5762786865234375e-05
3.409385681152344e-05
3.2901763916015625e-05
3.218650817871094e-05
3.2901763916015625e-05
3.1948089599609375e-05
3.6716461181640625e-05
3.600120544433594e-05
3.504753112792969e-05
3.409385681152344e-05
3.409385681152344e-05
3.409385681152344e-05
3.2901763916015625e-05
3.2901763916015625e-05
3.2901763916015625e-05
3.314018249511719e-05
3.314018249511719e-05
3.2901763916015625e-05
3.1948089599609375e-05
4.410743713378906e-05
3.600120544433594e-05
3.719329833984375e-05
9.393692016601562e-05
4.696846008300781e-05
4.291534423828125e-05
4.410743713378906e-05
5.1975250244140625e-05
4.38690185546875e-05
4.696846008300781e-05
0.00013208389282226562
3.790855407714844e-05
3.814697265625e-05
4.100799560546875e-05
3.886222839355469e-05
4.029273986816406e-05
4.506111145019531e-05
3.600120544433594e-05
3.600120544433594e-05
3.600120544433594e-05
3.3855438232421875e-05
3.814697265625e-05
3.62396240234375e-05
3.62396240234375e-05
4.291534423828125e-05
3.409385681152344e-05
3.266334533691406e-05
3.314018249511719e-05
3.2901763916015625e-05
3.3855438232421875e-05
3.314018249511719e-05
3.2901763916015625e-05
4.076957702636719e-05
3.409385681152344e-05
3.409385681152344e-05
3.409385681152344e-05
3.314018249511719e-05
3.409385681152344e-05
3.266334533691406e-05
3.1948089599609375e-05
3.2901763916015625e-05
3.314018249511719e-05
3.409385681152344e-05
