0.008156061172485352
0.007874250411987305
0.007831573486328125
0.0073964595794677734
0.006995439529418945
0.008213520050048828
0.007442951202392578
0.0074465274810791016
0.00719141960144043
0.006988048553466797
0.007555246353149414
0.007434844970703125
0.0076863765716552734
0.007247447967529297
0.007227659225463867
0.007390499114990234
0.007313728332519531
0.007025241851806641
0.00687718391418457
0.00688934326171875
0.007160663604736328
0.006723642349243164
0.0075206756591796875
0.0070188045501708984
0.007643222808837891
0.00726628303527832
0.007745265960693359
0.0076062679290771484
0.007169485092163086
0.007211208343505859
0.00699925422668457
0.006963253021240234
0.0067615509033203125
0.007611513137817383
0.007352352142333984
0.0077245235443115234
0.007153749465942383
0.007074832916259766
0.007779598236083984
0.006873607635498047
0.0068547725677490234
0.0068438053131103516
0.007083415985107422
0.0073664188385009766
0.007348299026489258
0.006832122802734375
0.006655216217041016
0.00706934928894043
0.006923198699951172
0.007316112518310547
0.00734257698059082
0.0072078704833984375
0.007340669631958008
0.007787227630615234
0.007317304611206055
0.006712436676025391
0.00807642936706543
0.007840633392333984
0.008137226104736328
0.007947444915771484
0.007056713104248047
0.007338047027587891
0.007155418395996094
0.007750034332275391
0.006902456283569336
0.007176876068115234
0.0070629119873046875
0.007190704345703125
0.006735086441040039
0.007180929183959961
0.007070064544677734
0.007534980773925781
0.007699012756347656
0.00686335563659668
0.0065958499908447266
0.006800413131713867
0.007040977478027344
0.00680088996887207
0.006867885589599609
0.007088422775268555
0.007285118103027344
0.00714874267578125
0.0074481964111328125
0.007409334182739258
0.007216215133666992
0.007769584655761719
0.007022857666015625
0.0071718692779541016
0.007303714752197266
0.006956577301025391
0.006962299346923828
0.007312774658203125
0.007033109664916992
0.007645368576049805
0.007566928863525391
0.007173299789428711
0.0076580047607421875
0.007607460021972656
0.007597923278808594
0.007218599319458008
