0.008492469787597656
0.011188507080078125
0.009603023529052734
0.007707357406616211
0.010097265243530273
0.0075550079345703125
0.006951093673706055
0.010822534561157227
0.013445854187011719
0.007154226303100586
0.007265567779541016
0.010373115539550781
0.009462833404541016
0.011144399642944336
0.010956764221191406
0.007972240447998047
0.00868678092956543
0.010870218276977539
0.010165691375732422
0.008740901947021484
0.010305166244506836
0.0072557926177978516
0.007807493209838867
0.010298967361450195
0.0077533721923828125
0.010263204574584961
0.009968280792236328
0.0109710693359375
0.007706880569458008
0.010370016098022461
0.010178565979003906
0.0075495243072509766
0.007696390151977539
0.009876012802124023
0.00738978385925293
0.015608072280883789
0.012330770492553711
0.007710695266723633
0.007603168487548828
0.010014057159423828
0.007658481597900391
0.011628866195678711
0.00981283187866211
0.007654428482055664
0.010123491287231445
0.007480621337890625
0.00800776481628418
0.010057210922241211
0.009844064712524414
0.007717132568359375
0.007715463638305664
0.009672880172729492
0.009273290634155273
0.007568359375
0.012424468994140625
0.007558345794677734
0.007361173629760742
0.010558605194091797
0.010612964630126953
0.008074522018432617
0.009728670120239258
0.0074689388275146484
0.007505655288696289
0.009724617004394531
0.006921052932739258
0.009853363037109375
0.012575149536132812
0.007393598556518555
0.008502483367919922
0.012477636337280273
0.012553691864013672
0.007972955703735352
0.007921457290649414
0.010252952575683594
0.007039785385131836
0.012125253677368164
0.009506464004516602
0.014850378036499023
0.010175466537475586
0.01018071174621582
0.007439136505126953
0.009758472442626953
0.009754419326782227
0.007801532745361328
0.010247945785522461
0.0075757503509521484
0.00757598876953125
0.010633468627929688
0.011017560958862305
0.008439302444458008
0.007155179977416992
0.009456634521484375
0.009747505187988281
0.007958412170410156
0.010126590728759766
0.007869720458984375
0.007990837097167969
0.010189533233642578
0.010092020034790039
0.008683919906616211
