0.011105060577392578
0.013642311096191406
0.012929916381835938
0.012699604034423828
0.012708187103271484
0.010440587997436523
0.01403951644897461
0.014101982116699219
0.013605356216430664
0.010314464569091797
0.013347387313842773
0.013007879257202148
0.012410640716552734
0.010589599609375
0.012666702270507812
0.010875940322875977
0.01059103012084961
0.013071537017822266
0.01605820655822754
0.010375261306762695
0.014673233032226562
0.013046741485595703
0.014564275741577148
0.015610456466674805
0.012032032012939453
0.017000436782836914
0.013859748840332031
0.011088371276855469
0.013612031936645508
0.013366937637329102
0.014988422393798828
0.011323690414428711
0.01365041732788086
0.013625860214233398
0.01117253303527832
0.013821601867675781
0.013930320739746094
0.010759115219116211
0.013245344161987305
0.013269424438476562
0.009804725646972656
0.012778043746948242
0.013686418533325195
0.010799407958984375
0.013036012649536133
0.011899709701538086
0.010957956314086914
0.013009309768676758
0.013844490051269531
0.01396322250366211
0.011451959609985352
0.013400793075561523
0.015070438385009766
0.012483358383178711
0.013834238052368164
0.014125823974609375
0.011144876480102539
0.013813972473144531
0.013698577880859375
0.01139378547668457
0.01537013053894043
0.011457204818725586
0.01162266731262207
0.013089895248413086
0.014323234558105469
0.01334691047668457
0.018155336380004883
0.010904550552368164
0.012068510055541992
0.014946937561035156
0.013064384460449219
0.010951757431030273
0.011474609375
0.013587236404418945
0.010910272598266602
0.013638734817504883
0.013657093048095703
0.013847827911376953
0.012967824935913086
0.013343334197998047
0.011591434478759766
0.013554573059082031
0.0159454345703125
0.012839317321777344
0.014825582504272461
0.010904073715209961
0.013529539108276367
0.013580799102783203
0.011807680130004883
0.011115789413452148
0.015072822570800781
0.012931346893310547
0.013363122940063477
0.011107921600341797
0.012686491012573242
0.013896703720092773
0.010815143585205078
0.013190984725952148
0.012970209121704102
0.010642290115356445
