0.00010561943054199219
4.029273986816406e-05
3.528594970703125e-05
3.4332275390625e-05
3.337860107421875e-05
3.266334533691406e-05
3.457069396972656e-05
3.695487976074219e-05
3.457069396972656e-05
3.3855438232421875e-05
3.409385681152344e-05
3.3855438232421875e-05
3.409385681152344e-05
3.337860107421875e-05
3.3855438232421875e-05
3.3855438232421875e-05
3.4809112548828125e-05
3.647804260253906e-05
3.409385681152344e-05
3.409385681152344e-05
3.4332275390625e-05
3.3855438232421875e-05
3.457069396972656e-05
3.457069396972656e-05
3.457069396972656e-05
3.457069396972656e-05
3.528594970703125e-05
3.4332275390625e-05
3.170967102050781e-05
3.147125244140625e-05
3.3855438232421875e-05
3.2901763916015625e-05
2.9802322387695312e-05
3.24249267578125e-05
3.147125244140625e-05
3.123283386230469e-05
3.075599670410156e-05
2.8848648071289062e-05
2.9087066650390625e-05
2.86102294921875e-05
2.9087066650390625e-05
2.86102294921875e-05
2.8371810913085938e-05
2.86102294921875e-05
2.8133392333984375e-05
2.8371810913085938e-05
2.9802322387695312e-05
3.457069396972656e-05
2.8848648071289062e-05
2.86102294921875e-05
2.956390380859375e-05
2.956390380859375e-05
3.0040740966796875e-05
2.9087066650390625e-05
2.8371810913085938e-05
2.9087066650390625e-05
2.8371810913085938e-05
2.86102294921875e-05
2.7894973754882812e-05
2.7418136596679688e-05
2.8133392333984375e-05
2.8133392333984375e-05
2.765655517578125e-05
2.7894973754882812e-05
2.8133392333984375e-05
3.314018249511719e-05
5.316734313964844e-05
3.314018249511719e-05
3.337860107421875e-05
3.314018249511719e-05
3.314018249511719e-05
3.337860107421875e-05
3.361701965332031e-05
3.361701965332031e-05
3.337860107421875e-05
3.361701965332031e-05
3.314018249511719e-05
3.337860107421875e-05
3.409385681152344e-05
3.314018249511719e-05
3.3855438232421875e-05
3.3855438232421875e-05
3.3855438232421875e-05
3.3855438232421875e-05
3.361701965332031e-05
6.794929504394531e-05
3.361701965332031e-05
0.00010967254638671875
3.4809112548828125e-05
3.3855438232421875e-05
3.337860107421875e-05
3.24249267578125e-05
3.3855438232421875e-05
3.337860107421875e-05
3.361701965332031e-05
3.337860107421875e-05
3.3855438232421875e-05
3.409385681152344e-05
3.409385681152344e-05
3.409385681152344e-05
