0.009271621704101562
0.011591434478759766
0.011610984802246094
0.008233785629272461
0.010592222213745117
0.007596731185913086
0.00853419303894043
0.011075258255004883
0.010941267013549805
0.008081912994384766
0.007757902145385742
0.01103830337524414
0.010394573211669922
0.00762176513671875
0.01052093505859375
0.007706403732299805
0.00840139389038086
0.010905265808105469
0.01037287712097168
0.009164094924926758
0.011140108108520508
0.007517337799072266
0.009648323059082031
0.009768009185791016
0.008689165115356445
0.011078357696533203
0.009729385375976562
0.008073568344116211
0.008506059646606445
0.012499094009399414
0.011304616928100586
0.010761260986328125
0.008432388305664062
0.011353015899658203
0.008622884750366211
0.012298345565795898
0.011359453201293945
0.008376598358154297
0.008020401000976562
0.010783672332763672
0.008832931518554688
0.011406660079956055
0.011775970458984375
0.008386850357055664
0.013051271438598633
0.008527517318725586
0.007850885391235352
0.010501861572265625
0.011205911636352539
0.008152008056640625
0.008356571197509766
0.010795116424560547
0.010745048522949219
0.008411645889282227
0.010903596878051758
0.013281583786010742
0.007672786712646484
0.013379573822021484
0.011103153228759766
0.008520841598510742
0.011214017868041992
0.008680105209350586
0.008507966995239258
0.010843276977539062
0.008983850479125977
0.01752448081970215
0.010930299758911133
0.008026838302612305
0.007861137390136719
0.010917425155639648
0.010533332824707031
0.008018255233764648
0.007837533950805664
0.01139521598815918
0.008308172225952148
0.009909868240356445
0.012746334075927734
0.008183717727661133
0.00798940658569336
0.01125645637512207
0.008361339569091797
0.012204408645629883
0.010398387908935547
0.008564233779907227
0.01008915901184082
0.00879979133605957
0.007276058197021484
0.011305570602416992
0.009571552276611328
0.008989810943603516
0.008249044418334961
0.013982772827148438
0.009741544723510742
0.00874948501586914
0.010240793228149414
0.008608102798461914
0.0075228214263916016
0.00969386100769043
0.00959634780883789
0.008548974990844727
