0.857670783996582
0.03777456283569336
0.02261185646057129
0.01359701156616211
0.013526678085327148
0.04388928413391113
0.035323143005371094
0.013280153274536133
0.013121843338012695
0.030573129653930664
0.013785362243652344
0.013588190078735352
0.012664556503295898
0.029773712158203125
0.02365279197692871
0.010533809661865234
0.01634049415588379
0.013767004013061523
0.014152765274047852
0.011847734451293945
0.014008760452270508
0.01442718505859375
0.011067867279052734
0.01355123519897461
0.011308670043945312
0.012564420700073242
0.016330957412719727
0.019651412963867188
0.013860225677490234
0.013651132583618164
0.0133209228515625
0.013108253479003906
0.013468742370605469
0.01345682144165039
0.012122869491577148
0.013039827346801758
0.013097524642944336
0.011556148529052734
0.012963294982910156
0.01302194595336914
0.01166844367980957
0.013740062713623047
0.01298379898071289
0.011939287185668945
0.013321638107299805
0.011966705322265625
0.011693954467773438
0.013139009475708008
0.015219688415527344
0.013986587524414062
0.011398077011108398
0.014051675796508789
0.013822317123413086
0.011878252029418945
0.012946605682373047
0.013730049133300781
0.015021085739135742
0.013290643692016602
0.01326131820678711
0.014551401138305664
0.01298666000366211
0.011099576950073242
0.011141300201416016
0.012739181518554688
0.013473749160766602
0.013498783111572266
0.012877464294433594
0.012375831604003906
0.010226726531982422
0.015617847442626953
0.013172149658203125
0.012485027313232422
0.012143135070800781
0.013487100601196289
0.011293649673461914
0.014381885528564453
0.015503644943237305
0.013850212097167969
0.01645660400390625
0.01329350471496582
0.010839700698852539
0.01560211181640625
0.013693571090698242
0.01371622085571289
0.013854026794433594
0.011495351791381836
0.013676166534423828
0.013748407363891602
0.014461040496826172
0.012101888656616211
0.015253305435180664
0.013646602630615234
0.01397705078125
0.011653423309326172
0.014003515243530273
0.015313386917114258
0.012347698211669922
0.013733863830566406
0.014472007751464844
0.012280464172363281
