0.011684894561767578
0.01761913299560547
0.013694047927856445
0.014207124710083008
0.017390727996826172
0.013479471206665039
0.014107942581176758
0.013432025909423828
0.013300180435180664
0.011747121810913086
0.014133453369140625
0.01383662223815918
0.015254974365234375
0.010969400405883789
0.014701128005981445
0.012245893478393555
0.010431766510009766
0.014996528625488281
0.0132904052734375
0.011952877044677734
0.015511512756347656
0.017168760299682617
0.010651111602783203
0.013923168182373047
0.011526346206665039
0.013292551040649414
0.014335393905639648
0.011916160583496094
0.011055946350097656
0.023236513137817383
0.016439437866210938
0.011107683181762695
0.013433456420898438
0.01291656494140625
0.013839006423950195
0.014594793319702148
0.016819238662719727
0.012214183807373047
0.014719963073730469
0.013629674911499023
0.012186288833618164
0.013967752456665039
0.013319969177246094
0.012431144714355469
0.012758255004882812
0.011343717575073242
0.017618417739868164
0.015091180801391602
0.013069868087768555
0.0147552490234375
0.016104698181152344
0.013033390045166016
0.013530731201171875
0.011896133422851562
0.013040781021118164
0.015079736709594727
0.011612176895141602
0.013968706130981445
0.014321565628051758
0.011922836303710938
0.014803647994995117
0.011565685272216797
0.011459827423095703
0.014425992965698242
0.014920473098754883
0.014200448989868164
0.014184236526489258
0.011985063552856445
0.010711908340454102
0.013201475143432617
0.013573169708251953
0.011568546295166016
0.010690927505493164
0.013831853866577148
0.01091146469116211
0.01423954963684082
0.013253450393676758
0.01346278190612793
0.013302326202392578
0.01295161247253418
0.011067628860473633
0.016564130783081055
0.013308286666870117
0.013804197311401367
0.014136075973510742
0.011131525039672852
0.013477802276611328
0.01317453384399414
0.013490438461303711
0.011002779006958008
0.013462305068969727
0.01600956916809082
0.01432943344116211
0.012742757797241211
0.013060808181762695
0.013859033584594727
0.011429309844970703
0.012753725051879883
0.014631032943725586
0.011081933975219727
