0.007388591766357422
0.009931802749633789
0.04560089111328125
0.01104116439819336
0.013154983520507812
0.007426738739013672
0.011433124542236328
0.009680986404418945
0.009470462799072266
0.0075225830078125
0.010475635528564453
0.009702920913696289
0.06117415428161621
0.033414363861083984
0.024127721786499023
0.02362656593322754
0.023940563201904297
0.03556323051452637
0.023047447204589844
0.007489681243896484
0.009917736053466797
0.016963958740234375
0.015563249588012695
0.02470541000366211
0.015711307525634766
0.013000965118408203
0.04537630081176758
0.05786323547363281
0.008366107940673828
0.010069131851196289
0.009775876998901367
0.006855487823486328
0.013089895248413086
0.009922027587890625
0.006827116012573242
0.009672880172729492
0.022633075714111328
0.05162167549133301
0.010093450546264648
0.009592294692993164
0.009072303771972656
0.009398221969604492
0.00958871841430664
0.007562398910522461
0.010068893432617188
0.24881362915039062
0.12971067428588867
0.020741701126098633
0.011471986770629883
0.01026606559753418
0.00743556022644043
0.010514497756958008
0.009666681289672852
0.007346630096435547
0.01015472412109375
0.014357328414916992
0.007551670074462891
0.016706466674804688
0.010592937469482422
0.008314847946166992
0.07160210609436035
0.0241396427154541
0.03397679328918457
0.010348081588745117
0.010367870330810547
0.009918928146362305
0.010276317596435547
0.014045000076293945
0.007378578186035156
0.00992584228515625
0.0320277214050293
0.014212369918823242
0.01009368896484375
0.011946916580200195
0.007378578186035156
0.01015329360961914
0.01334691047668457
0.020605802536010742
0.018851518630981445
0.010958194732666016
0.007307291030883789
0.019389867782592773
0.009782791137695312
0.01026773452758789
0.014748096466064453
0.007124900817871094
0.011451005935668945
0.011279821395874023
0.010050535202026367
0.037387847900390625
0.010628700256347656
0.00984048843383789
0.012334108352661133
0.05437350273132324
0.041457176208496094
0.024892330169677734
0.010048389434814453
0.013834476470947266
0.016362428665161133
0.010388374328613281
