0.0076122283935546875
0.007376670837402344
0.0077266693115234375
0.0077457427978515625
0.007098197937011719
0.008187294006347656
0.010139942169189453
0.008116483688354492
0.0072786808013916016
0.007107734680175781
0.007460355758666992
0.007771492004394531
0.007654905319213867
0.007069110870361328
0.007596492767333984
0.00782322883605957
0.007173776626586914
0.00685429573059082
0.007398843765258789
0.007032871246337891
0.007627725601196289
0.009366273880004883
0.008133411407470703
0.007408857345581055
0.007483482360839844
0.007424354553222656
0.007902860641479492
0.018520593643188477
0.007267475128173828
0.007071256637573242
0.007454633712768555
0.007509946823120117
0.006993293762207031
0.007681131362915039
0.007201433181762695
0.007877588272094727
0.007329225540161133
0.007545948028564453
0.007448911666870117
0.007925748825073242
0.0071086883544921875
0.007489442825317383
0.0073583126068115234
0.007058858871459961
0.007149219512939453
0.007394313812255859
0.007165193557739258
0.007279872894287109
0.006951570510864258
0.007974386215209961
0.007208585739135742
0.0075533390045166016
0.007300853729248047
0.007006645202636719
0.006928443908691406
0.007001638412475586
0.007485389709472656
0.007283210754394531
0.007463693618774414
0.007331132888793945
0.007449150085449219
0.00744318962097168
0.0076427459716796875
0.0071752071380615234
0.008230924606323242
0.007662057876586914
0.00840616226196289
0.008515119552612305
0.0076923370361328125
0.007788419723510742
0.007729530334472656
0.007498502731323242
0.0073468685150146484
0.008468866348266602
0.007386207580566406
0.006844997406005859
0.007741212844848633
0.016118288040161133
0.0074045658111572266
0.010631799697875977
0.014341592788696289
0.010832548141479492
0.0072841644287109375
0.0076446533203125
0.011344194412231445
0.008046388626098633
0.00814366340637207
0.007866382598876953
0.0074977874755859375
0.007284402847290039
0.0074269771575927734
0.007853507995605469
0.008448362350463867
0.00784158706665039
0.007784843444824219
0.0075724124908447266
0.008062124252319336
0.007005453109741211
0.0071489810943603516
0.0070323944091796875
