0.011583328247070312
0.013470172882080078
0.013451337814331055
0.01346278190612793
0.013099431991577148
0.010158300399780273
0.013178348541259766
0.021735668182373047
0.012754201889038086
0.012736320495605469
0.013624191284179688
0.012592792510986328
0.015939712524414062
0.01651310920715332
0.01337885856628418
0.010407209396362305
0.00965261459350586
0.026200056076049805
0.013478994369506836
0.011022090911865234
0.012394428253173828
0.012715339660644531
0.010501384735107422
0.013709306716918945
0.010943889617919922
0.013358831405639648
0.029810190200805664
0.010944604873657227
0.010456323623657227
0.014116764068603516
0.014672517776489258
0.010437488555908203
0.013794898986816406
0.013253927230834961
0.01165461540222168
0.013390779495239258
0.013259410858154297
0.010859251022338867
0.014813661575317383
0.014248847961425781
0.0378880500793457
0.035080909729003906
0.013817787170410156
0.011185407638549805
0.013761758804321289
0.011316776275634766
0.010804891586303711
0.013018131256103516
0.013343095779418945
0.01437520980834961
0.011779069900512695
0.012635469436645508
0.02718043327331543
0.011164426803588867
0.01325678825378418
0.014127969741821289
0.011259794235229492
0.014993429183959961
0.013766765594482422
0.011458873748779297
0.028093338012695312
0.01232457160949707
0.011762142181396484
0.014171838760375977
0.01496577262878418
0.013932466506958008
0.013742446899414062
0.010542631149291992
0.011018514633178711
0.014592170715332031
0.014535188674926758
0.03315281867980957
0.03514361381530762
0.01343083381652832
0.010604143142700195
0.013463973999023438
0.013502359390258789
0.028378725051879883
0.012863874435424805
0.014489173889160156
0.010614156723022461
0.013357877731323242
0.01423192024230957
0.013467550277709961
0.020313024520874023
0.011080503463745117
0.013615131378173828
0.012990474700927734
0.013617277145385742
0.011149406433105469
0.01355290412902832
0.013011932373046875
0.013258695602416992
0.030178070068359375
0.02906322479248047
0.0146484375
0.012900114059448242
0.012717247009277344
0.014992237091064453
0.011034727096557617
