0.7000887393951416
0.01334834098815918
0.012228250503540039
0.014603853225708008
0.013195991516113281
0.01043391227722168
0.014470577239990234
0.013645410537719727
0.012113809585571289
0.010664939880371094
0.013461828231811523
0.013128519058227539
0.012623071670532227
0.010366439819335938
0.011892080307006836
0.01100611686706543
0.011066675186157227
0.012093782424926758
0.01321554183959961
0.011350393295288086
0.013176441192626953
0.014012575149536133
0.011979103088378906
0.012712717056274414
0.01406097412109375
0.014186859130859375
0.01328730583190918
0.011353254318237305
0.010902166366577148
0.012603282928466797
0.012781620025634766
0.011073112487792969
0.014377355575561523
0.013089895248413086
0.010338068008422852
0.012485027313232422
0.012649774551391602
0.010711669921875
0.0313568115234375
0.013489484786987305
0.010805606842041016
0.013307332992553711
0.012952089309692383
0.010441064834594727
0.012350082397460938
0.009591341018676758
0.010409355163574219
0.013323783874511719
0.013738393783569336
0.013638019561767578
0.011228799819946289
0.01317453384399414
0.015019655227661133
0.011257410049438477
0.013375520706176758
0.015486478805541992
0.010757923126220703
0.023323774337768555
0.014635324478149414
0.010925769805908203
0.013553142547607422
0.010630369186401367
0.010271787643432617
0.012517452239990234
0.013285160064697266
0.011999130249023438
0.014006614685058594
0.010467529296875
0.010973691940307617
0.013354301452636719
0.012197494506835938
0.01046609878540039
0.010351419448852539
0.01294851303100586
0.011772871017456055
0.013695716857910156
0.01380777359008789
0.01332855224609375
0.013450860977172852
0.012667655944824219
0.010290145874023438
0.012830257415771484
0.01263117790222168
0.012948274612426758
0.012780904769897461
0.011202812194824219
0.01327061653137207
0.012913942337036133
0.012482404708862305
0.011337995529174805
0.012897729873657227
0.012711763381958008
0.014134407043457031
0.010839223861694336
0.01326608657836914
0.013077735900878906
0.010921478271484375
0.013477563858032227
0.014003992080688477
0.010110855102539062
