0.010851383209228516
0.008210897445678711
0.00804281234741211
0.008186578750610352
0.007228851318359375
0.008043766021728516
0.007647037506103516
0.008551359176635742
0.007877588272094727
0.007653236389160156
0.01038503646850586
0.00783848762512207
0.0073964595794677734
0.008384466171264648
0.007861852645874023
0.00842428207397461
0.008887529373168945
0.009892463684082031
0.007314920425415039
0.007921218872070312
0.0073587894439697266
0.009633541107177734
0.0074999332427978516
0.007483720779418945
0.007302045822143555
0.009233474731445312
0.00745844841003418
0.009505033493041992
0.007704257965087891
0.00766301155090332
0.008108854293823242
0.008394956588745117
0.008151769638061523
0.00787496566772461
0.0074198246002197266
0.008303642272949219
0.009310007095336914
0.007593870162963867
0.00825643539428711
0.009149789810180664
0.00811624526977539
0.009469985961914062
0.0075762271881103516
0.007852792739868164
0.008757829666137695
0.007538318634033203
0.007964611053466797
0.009435176849365234
0.00775456428527832
0.008155584335327148
0.011194705963134766
0.008301973342895508
0.007285118103027344
0.007135152816772461
0.007049083709716797
0.0074062347412109375
0.008608818054199219
0.008097648620605469
0.007480144500732422
0.00784921646118164
0.007678031921386719
0.007739067077636719
0.00867915153503418
0.008767366409301758
0.00730443000793457
0.008254289627075195
0.00794529914855957
0.008646488189697266
0.0075588226318359375
0.00810694694519043
0.008403301239013672
0.008293628692626953
0.008105278015136719
0.007399797439575195
0.00836491584777832
0.009987115859985352
0.00780940055847168
0.008506059646606445
0.0075953006744384766
0.010686159133911133
0.007861852645874023
0.007300853729248047
0.007550954818725586
0.007363796234130859
0.00716853141784668
0.007374763488769531
0.009490966796875
0.007262468338012695
0.007729053497314453
0.00744318962097168
0.00776982307434082
0.0075876712799072266
0.007926702499389648
0.0074617862701416016
0.007470130920410156
0.010019540786743164
0.007353544235229492
0.0076427459716796875
0.007756471633911133
0.0076904296875
