0.009279489517211914
0.010735750198364258
0.010007143020629883
0.010228633880615234
0.009704113006591797
0.00715947151184082
0.010898113250732422
0.009443998336791992
0.009597301483154297
0.00736546516418457
0.010250329971313477
0.009535074234008789
0.01056814193725586
0.007411479949951172
0.010250091552734375
0.007557392120361328
0.007049560546875
0.010133981704711914
0.011382341384887695
0.0074388980865478516
0.010076522827148438
0.010757207870483398
0.007860660552978516
0.016661643981933594
0.0073795318603515625
0.00992894172668457
0.009282112121582031
0.007532835006713867
0.01322317123413086
0.010121822357177734
0.010252237319946289
0.007198810577392578
0.010590314865112305
0.010565519332885742
0.0074138641357421875
0.010010719299316406
0.009759664535522461
0.0076830387115478516
0.015466451644897461
0.013350248336791992
0.007333278656005859
0.009634017944335938
0.010274171829223633
0.008801937103271484
0.009783506393432617
0.007544279098510742
0.008158683776855469
0.00997781753540039
0.009602546691894531
0.010257244110107422
0.007305145263671875
0.009315013885498047
0.009729623794555664
0.007683753967285156
0.00966501235961914
0.012587308883666992
0.007784843444824219
0.010526657104492188
0.010290861129760742
0.008612394332885742
0.009567975997924805
0.008110523223876953
0.007465362548828125
0.009779930114746094
0.01112985610961914
0.009962797164916992
0.017157554626464844
0.0076634883880615234
0.008021831512451172
0.014775276184082031
0.009833335876464844
0.007356405258178711
0.007602691650390625
0.010115623474121094
0.010634183883666992
0.013046026229858398
0.010395050048828125
0.012730836868286133
0.010671377182006836
0.010013580322265625
0.007382392883300781
0.010798931121826172
0.009996652603149414
0.011432170867919922
0.010318517684936523
0.007622957229614258
0.014792919158935547
0.010221719741821289
0.010242223739624023
0.0075032711029052734
0.010372638702392578
0.009969472885131836
0.010329961776733398
0.007931232452392578
0.009459495544433594
0.010385513305664062
0.008756160736083984
0.01011347770690918
0.011108160018920898
0.008158206939697266
