0.011581659317016602
0.00773310661315918
0.011369466781616211
0.007964134216308594
0.007207393646240234
0.007901668548583984
0.00785064697265625
0.010144710540771484
0.00979924201965332
0.008468866348266602
0.007522106170654297
0.0076448917388916016
0.008022546768188477
0.00738525390625
0.007894277572631836
0.007394075393676758
0.007509469985961914
0.007768869400024414
0.00824427604675293
0.007641792297363281
0.007681369781494141
0.008415937423706055
0.008028507232666016
0.008467435836791992
0.007855415344238281
0.007587432861328125
0.007682323455810547
0.007241487503051758
0.0075800418853759766
0.009265661239624023
0.007818460464477539
0.007830619812011719
0.007829904556274414
0.0077550411224365234
0.007729768753051758
0.010570526123046875
0.011200189590454102
0.008001565933227539
0.007193326950073242
0.0081329345703125
0.007696390151977539
0.0074617862701416016
0.009864091873168945
0.007719755172729492
0.009244918823242188
0.008175134658813477
0.007655620574951172
0.007223367691040039
0.009499788284301758
0.007731914520263672
0.007954120635986328
0.0074079036712646484
0.007478952407836914
0.008085966110229492
0.007827281951904297
0.007826805114746094
0.007905244827270508
0.0077190399169921875
0.007784605026245117
0.009540081024169922
0.007736921310424805
0.007929325103759766
0.007788181304931641
0.007625579833984375
0.00792551040649414
0.008083105087280273
0.007946252822875977
0.007806301116943359
0.007412910461425781
0.007753849029541016
0.007704496383666992
0.007631063461303711
0.007200002670288086
0.008041858673095703
0.007834911346435547
0.007022857666015625
0.012713193893432617
0.008352279663085938
0.007555961608886719
0.007744550704956055
0.008982658386230469
0.007998943328857422
0.007622718811035156
0.00783085823059082
0.009082794189453125
0.007696866989135742
0.007509708404541016
0.011023759841918945
0.007513761520385742
0.0076351165771484375
0.008412361145019531
0.007853269577026367
0.007554292678833008
0.00838923454284668
0.007265806198120117
0.008306741714477539
0.008595943450927734
0.007149219512939453
0.007424592971801758
0.007771015167236328
