0.00010275840759277344
3.6716461181640625e-05
3.4809112548828125e-05
3.314018249511719e-05
3.24249267578125e-05
3.790855407714844e-05
3.1948089599609375e-05
3.0994415283203125e-05
3.075599670410156e-05
2.956390380859375e-05
2.9087066650390625e-05
3.075599670410156e-05
2.9325485229492188e-05
3.0040740966796875e-05
2.9087066650390625e-05
2.86102294921875e-05
2.9087066650390625e-05
2.9325485229492188e-05
2.86102294921875e-05
2.9325485229492188e-05
3.3855438232421875e-05
2.9087066650390625e-05
5.555152893066406e-05
3.0279159545898438e-05
2.9087066650390625e-05
2.8371810913085938e-05
3.1948089599609375e-05
3.075599670410156e-05
2.86102294921875e-05
2.8371810913085938e-05
2.9087066650390625e-05
2.8371810913085938e-05
3.123283386230469e-05
3.123283386230469e-05
2.956390380859375e-05
3.123283386230469e-05
3.170967102050781e-05
2.86102294921875e-05
2.8371810913085938e-05
2.9325485229492188e-05
2.86102294921875e-05
2.86102294921875e-05
2.8133392333984375e-05
2.8371810913085938e-05
2.8371810913085938e-05
2.7418136596679688e-05
2.7418136596679688e-05
2.7179718017578125e-05
2.8133392333984375e-05
2.765655517578125e-05
2.765655517578125e-05
2.765655517578125e-05
2.6941299438476562e-05
2.765655517578125e-05
2.7894973754882812e-05
2.765655517578125e-05
2.765655517578125e-05
2.765655517578125e-05
2.765655517578125e-05
2.765655517578125e-05
2.956390380859375e-05
3.743171691894531e-05
3.0279159545898438e-05
3.0517578125e-05
9.965896606445312e-05
3.075599670410156e-05
2.9802322387695312e-05
3.0040740966796875e-05
3.5762786865234375e-05
2.8848648071289062e-05
2.8848648071289062e-05
2.86102294921875e-05
2.8133392333984375e-05
2.7894973754882812e-05
2.8133392333984375e-05
2.8133392333984375e-05
2.8848648071289062e-05
2.86102294921875e-05
2.7894973754882812e-05
2.765655517578125e-05
2.765655517578125e-05
2.7894973754882812e-05
2.7894973754882812e-05
2.956390380859375e-05
2.8133392333984375e-05
2.956390380859375e-05
2.8371810913085938e-05
2.8371810913085938e-05
2.8848648071289062e-05
2.8848648071289062e-05
2.956390380859375e-05
2.8371810913085938e-05
2.8371810913085938e-05
2.8133392333984375e-05
2.8133392333984375e-05
2.765655517578125e-05
2.7418136596679688e-05
2.765655517578125e-05
2.7418136596679688e-05
2.8133392333984375e-05
