0.008116960525512695
0.01055288314819336
0.009691953659057617
0.010633230209350586
0.010323286056518555
0.007134675979614258
0.021033287048339844
0.011344671249389648
0.010237455368041992
0.007693767547607422
0.009617090225219727
0.009785890579223633
0.00971674919128418
0.014243364334106445
0.009481668472290039
0.0074121952056884766
0.007475376129150391
0.012846946716308594
0.010910511016845703
0.00770115852355957
0.011692047119140625
0.010315656661987305
0.008089303970336914
0.012858867645263672
0.018807649612426758
0.010340213775634766
0.010377883911132812
0.00922393798828125
0.007781505584716797
0.011423110961914062
0.01188349723815918
0.012672185897827148
0.011126995086669922
0.009635210037231445
0.006740093231201172
0.009044170379638672
0.009450912475585938
0.0071561336517333984
0.013864994049072266
0.009558916091918945
0.0074999332427978516
0.010953187942504883
0.009754419326782227
0.0070421695709228516
0.01016688346862793
0.007853269577026367
0.00738215446472168
0.009770393371582031
0.009922266006469727
0.011830806732177734
0.008461475372314453
0.012043237686157227
0.009517192840576172
0.006796598434448242
0.009383440017700195
0.009796619415283203
0.007524251937866211
0.0098114013671875
0.009413480758666992
0.007779121398925781
0.009706258773803711
0.007706165313720703
0.007623195648193359
0.009702444076538086
0.010986328125
0.009910821914672852
0.010612726211547852
0.007111787796020508
0.008800506591796875
0.02108025550842285
0.01042485237121582
0.007944583892822266
0.007259368896484375
0.010288476943969727
0.007277965545654297
0.014576911926269531
0.009803056716918945
0.010223388671875
0.01624321937561035
0.009997129440307617
0.007463932037353516
0.010110139846801758
0.009895563125610352
0.0096588134765625
0.01001596450805664
0.009619474411010742
0.0211029052734375
0.010478734970092773
0.01352071762084961
0.008289813995361328
0.01094675064086914
0.009949684143066406
0.010391950607299805
0.008090019226074219
0.014043807983398438
0.010277509689331055
0.010751008987426758
0.0174410343170166
0.011098623275756836
0.00733637809753418
