0.8176651000976562
0.05016827583312988
0.017155885696411133
0.014566183090209961
0.03476977348327637
0.011994600296020508
0.014256715774536133
0.013515710830688477
0.012700796127319336
0.01105356216430664
0.02291131019592285
0.013410806655883789
0.012387275695800781
0.01085042953491211
0.013136148452758789
0.012421131134033203
0.01200723648071289
0.013549566268920898
0.05034971237182617
0.01486515998840332
0.014217853546142578
0.01466679573059082
0.013090848922729492
0.014238834381103516
0.02189946174621582
0.013676881790161133
0.016603708267211914
0.015026330947875977
0.010895252227783203
0.014026880264282227
0.013850688934326172
0.011939525604248047
0.01349186897277832
0.014061927795410156
0.014397144317626953
0.013251781463623047
0.012933731079101562
0.011955499649047852
0.013592958450317383
0.013274908065795898
0.01215672492980957
0.013069629669189453
0.012961149215698242
0.014816761016845703
0.01323246955871582
0.017291784286499023
0.010610580444335938
0.01419210433959961
0.012718915939331055
0.014194250106811523
0.011083364486694336
0.01335906982421875
0.013234615325927734
0.01108551025390625
0.013644933700561523
0.01620769500732422
0.012510299682617188
0.01334381103515625
0.015421867370605469
0.01162576675415039
0.014438867568969727
0.010935544967651367
0.01067972183227539
0.013240575790405273
0.01485133171081543
0.013221979141235352
0.013554573059082031
0.011089324951171875
0.010822057723999023
0.014264822006225586
0.013790369033813477
0.01134490966796875
0.010820150375366211
0.01582026481628418
0.021145343780517578
0.013687610626220703
0.012296438217163086
0.014910221099853516
0.014656782150268555
0.013194561004638672
0.010358572006225586
0.016253948211669922
0.013747453689575195
0.01647639274597168
0.02737116813659668
0.010595321655273438
0.013047933578491211
0.013252973556518555
0.014870643615722656
0.010776758193969727
0.016140222549438477
0.014504194259643555
0.014923095703125
0.011855602264404297
0.01463937759399414
0.016188859939575195
0.014501571655273438
0.01294565200805664
0.012835502624511719
0.01074075698852539
