0.012190103530883789
0.014621734619140625
0.01430654525756836
0.014447689056396484
0.014674663543701172
0.012632608413696289
0.013778924942016602
0.014902830123901367
0.02785348892211914
0.012580633163452148
0.015309572219848633
0.013299226760864258
0.013707637786865234
0.011484384536743164
0.014249563217163086
0.012427806854248047
0.01121664047241211
0.018759965896606445
0.014731884002685547
0.011287212371826172
0.013749361038208008
0.015738487243652344
0.010239124298095703
0.015587091445922852
0.011640071868896484
0.013736248016357422
0.013100385665893555
0.011292219161987305
0.011376619338989258
0.013187646865844727
0.01324009895324707
0.011378288269042969
0.013322114944458008
0.013569831848144531
0.011523008346557617
0.014241695404052734
0.013029098510742188
0.011072397232055664
0.016851425170898438
0.013713359832763672
0.01024007797241211
0.01295328140258789
0.014707326889038086
0.012632369995117188
0.01398015022277832
0.011525630950927734
0.011254072189331055
0.015238046646118164
0.014651775360107422
0.013367891311645508
0.011758089065551758
0.013669252395629883
0.012704849243164062
0.019120454788208008
0.01435708999633789
0.01332545280456543
0.012761831283569336
0.01333308219909668
0.014503240585327148
0.011501789093017578
0.014360189437866211
0.011919260025024414
0.020804166793823242
0.016867637634277344
0.016354799270629883
0.013748884201049805
0.012867927551269531
0.011694669723510742
0.011238336563110352
0.013089895248413086
0.013978958129882812
0.012584447860717773
0.012048006057739258
0.02694392204284668
0.011390924453735352
0.013901233673095703
0.013154745101928711
0.013938188552856445
0.014223337173461914
0.01800823211669922
0.011633634567260742
0.013611316680908203
0.014689207077026367
0.013699531555175781
0.015052318572998047
0.01203155517578125
0.014830827713012695
0.013223886489868164
0.012785196304321289
0.011972188949584961
0.013909101486206055
0.012805938720703125
0.01279306411743164
0.011226415634155273
0.012403488159179688
0.013022661209106445
0.01189565658569336
0.013602972030639648
0.013671159744262695
0.01189279556274414
