0.01197361946105957
0.013700008392333984
0.013745307922363281
0.01342916488647461
0.014204025268554688
0.011558294296264648
0.013771533966064453
0.013404607772827148
0.013970375061035156
0.011354923248291016
0.013410806655883789
0.012982606887817383
0.01276850700378418
0.01182413101196289
0.013389348983764648
0.010782480239868164
0.011194467544555664
0.012140274047851562
0.013419628143310547
0.010600566864013672
0.013614177703857422
0.013409137725830078
0.0110931396484375
0.017406940460205078
0.010428905487060547
0.01383662223815918
0.01275491714477539
0.010436058044433594
0.010774612426757812
0.014481782913208008
0.014348506927490234
0.013310432434082031
0.013086318969726562
0.012978076934814453
0.010888814926147461
0.013596057891845703
0.012822151184082031
0.010629892349243164
0.013594388961791992
0.012972116470336914
0.01059865951538086
0.013593435287475586
0.013341426849365234
0.011106252670288086
0.013281583786010742
0.010795354843139648
0.010648250579833984
0.011786937713623047
0.012841939926147461
0.017592906951904297
0.010132789611816406
0.013062715530395508
0.014557123184204102
0.012120962142944336
0.013332128524780273
0.013028383255004883
0.010329961776733398
0.015161752700805664
0.0180208683013916
0.010707378387451172
0.012923717498779297
0.01090860366821289
0.011341094970703125
0.01363825798034668
0.012880086898803711
0.013368606567382812
0.01918196678161621
0.01458430290222168
0.010691642761230469
0.013868570327758789
0.013309717178344727
0.010984182357788086
0.010377645492553711
0.01203608512878418
0.012135744094848633
0.01741313934326172
0.013524055480957031
0.013265848159790039
0.015302896499633789
0.013151168823242188
0.011080741882324219
0.014481306076049805
0.013180255889892578
0.013189554214477539
0.01624441146850586
0.01019144058227539
0.013750791549682617
0.012451887130737305
0.013404607772827148
0.011518716812133789
0.013385772705078125
0.013314247131347656
0.013370275497436523
0.011318206787109375
0.013210058212280273
0.014894723892211914
0.011759281158447266
0.01416635513305664
0.01376652717590332
0.015831947326660156
