0.0075397491455078125
0.010306358337402344
0.009406805038452148
0.010312795639038086
0.010056257247924805
0.007977962493896484
0.010258197784423828
0.009718656539916992
0.009426116943359375
0.007388114929199219
0.010484695434570312
0.009756803512573242
0.009138107299804688
0.007225513458251953
0.009851455688476562
0.007013797760009766
0.007330417633056641
0.009954690933227539
0.010237932205200195
0.00803375244140625
0.009742498397827148
0.010452985763549805
0.007760763168334961
0.01029348373413086
0.00811147689819336
0.01010894775390625
0.010169267654418945
0.007302045822143555
0.007532358169555664
0.01078343391418457
0.01054072380065918
0.009845972061157227
0.010774612426757812
0.009341239929199219
0.007163524627685547
0.011916399002075195
0.010745763778686523
0.010722637176513672
0.010362625122070312
0.009798765182495117
0.007050991058349609
0.009519338607788086
0.008613348007202148
0.007661104202270508
0.010101556777954102
0.0070688724517822266
0.0069277286529541016
0.02559185028076172
0.009344816207885742
0.010353565216064453
0.008913516998291016
0.015781641006469727
0.016036272048950195
0.007828950881958008
0.010351181030273438
0.010750293731689453
0.007696390151977539
0.010581016540527344
0.010391473770141602
0.011336565017700195
0.010056257247924805
0.00698399543762207
0.007432222366333008
0.01055288314819336
0.009631633758544922
0.010344266891479492
0.009467840194702148
0.007841348648071289
0.00696563720703125
0.009336233139038086
0.010441303253173828
0.0071544647216796875
0.0074672698974609375
0.010555505752563477
0.0070264339447021484
0.009835004806518555
0.010135173797607422
0.010206460952758789
0.009891748428344727
0.009766340255737305
0.0075778961181640625
0.009577035903930664
0.009680509567260742
0.009410858154296875
0.013206958770751953
0.007354259490966797
0.009923219680786133
0.010081768035888672
0.011041402816772461
0.007697343826293945
0.010254859924316406
0.010643482208251953
0.010824203491210938
0.008014917373657227
0.010615825653076172
0.009838581085205078
0.0070116519927978516
0.009936094284057617
0.009445428848266602
0.00791621208190918
