0.009514331817626953
0.010597705841064453
0.010327816009521484
0.01116490364074707
0.011304855346679688
0.00836181640625
0.011505842208862305
0.010600805282592773
0.010299205780029297
0.007371664047241211
0.013157844543457031
0.010528087615966797
0.010080814361572266
0.007572650909423828
0.010148763656616211
0.008291482925415039
0.007910013198852539
0.009472846984863281
0.012824535369873047
0.007443428039550781
0.010562896728515625
0.01699519157409668
0.008001327514648438
0.0176699161529541
0.00705718994140625
0.010295391082763672
0.00970005989074707
0.007930755615234375
0.007100343704223633
0.010750293731689453
0.010063409805297852
0.008282184600830078
0.01101994514465332
0.009549379348754883
0.007216930389404297
0.00972747802734375
0.009961843490600586
0.008165597915649414
0.01155996322631836
0.010144948959350586
0.007989645004272461
0.009661674499511719
0.009793758392333984
0.00785374641418457
0.009438276290893555
0.007925271987915039
0.007800102233886719
0.01037144660949707
0.01016545295715332
0.010530948638916016
0.00800013542175293
0.009914636611938477
0.009341001510620117
0.007845878601074219
0.01019740104675293
0.010970115661621094
0.007685661315917969
0.011113166809082031
0.011028051376342773
0.007797956466674805
0.009463071823120117
0.007453203201293945
0.007489681243896484
0.009938478469848633
0.010361909866333008
0.009671449661254883
0.011277914047241211
0.007536888122558594
0.010894060134887695
0.010649919509887695
0.00964498519897461
0.007731437683105469
0.007180452346801758
0.010223865509033203
0.007634639739990234
0.010006904602050781
0.009542465209960938
0.013161182403564453
0.010342597961425781
0.010612249374389648
0.007992267608642578
0.011232614517211914
0.04146289825439453
0.01264500617980957
0.011751651763916016
0.007472038269042969
0.011547565460205078
0.010509252548217773
0.010087251663208008
0.008153438568115234
0.012098073959350586
0.009834766387939453
0.013535737991333008
0.007703065872192383
0.010323524475097656
0.01081228256225586
0.007798433303833008
0.010215520858764648
0.011056661605834961
0.0071868896484375
