0.06663823127746582
0.6943249702453613
0.0228421688079834
0.015540838241577148
0.037492990493774414
0.010772228240966797
0.08966803550720215
0.014272689819335938
0.014118671417236328
0.011983156204223633
0.01693439483642578
0.013746500015258789
0.014280319213867188
0.019205808639526367
0.013876676559448242
0.013205289840698242
0.011422157287597656
0.014905452728271484
0.01484990119934082
0.012010574340820312
0.020099401473999023
0.03563404083251953
0.011741161346435547
0.017319917678833008
0.011561870574951172
0.013946771621704102
0.013569355010986328
0.015007257461547852
0.02433943748474121
0.019778013229370117
0.01681971549987793
0.012113332748413086
0.08489179611206055
0.015085458755493164
0.012512683868408203
0.014837503433227539
0.013052940368652344
0.010966062545776367
0.01801300048828125
0.015244722366333008
0.011238813400268555
0.014204263687133789
0.013457298278808594
0.011278390884399414
0.014068841934204102
0.011611700057983398
0.01135110855102539
0.013388633728027344
0.013482093811035156
0.014243602752685547
0.011590719223022461
0.013524293899536133
0.015553474426269531
0.012042760848999023
0.015783071517944336
0.014875173568725586
0.0126495361328125
0.014740467071533203
0.01450657844543457
0.01260066032409668
0.015302419662475586
0.011710166931152344
0.010829687118530273
0.014792442321777344
0.01677727699279785
0.013801813125610352
0.0207059383392334
0.011709451675415039
0.011864900588989258
0.01590108871459961
0.015707731246948242
0.01092982292175293
0.012346506118774414
0.013862848281860352
0.013445377349853516
0.014536142349243164
0.014862537384033203
0.014979124069213867
0.022003650665283203
0.014221906661987305
0.011391162872314453
0.01903510093688965
0.014055967330932617
0.014471054077148438
0.01943826675415039
0.012439250946044922
0.016105175018310547
0.015269041061401367
0.014402627944946289
0.01246500015258789
0.01803421974182129
0.021229982376098633
0.0197293758392334
0.01997971534729004
0.017219066619873047
0.0204465389251709
0.01930713653564453
0.03196978569030762
0.015926122665405273
0.013282537460327148
