0.0072062015533447266
0.010021686553955078
0.009609222412109375
0.009998798370361328
0.009718656539916992
0.0068378448486328125
0.00957036018371582
0.009849071502685547
0.008925914764404297
0.007575511932373047
0.01035165786743164
0.009159088134765625
0.010058403015136719
0.0077800750732421875
0.009657144546508789
0.007218360900878906
0.007014274597167969
0.008949756622314453
0.010301828384399414
0.007739543914794922
0.010002613067626953
0.010275125503540039
0.007808685302734375
0.009825468063354492
0.007013797760009766
0.009698152542114258
0.009927034378051758
0.007737159729003906
0.00750732421875
0.010410785675048828
0.010137557983398438
0.007536411285400391
0.009650945663452148
0.010377168655395508
0.008060455322265625
0.009755134582519531
0.015163660049438477
0.007169008255004883
0.010167598724365234
0.009952306747436523
0.007788896560668945
0.009725570678710938
0.009550094604492188
0.020404815673828125
0.010380983352661133
0.007241725921630859
0.007677555084228516
0.009433269500732422
0.008980512619018555
0.00988459587097168
0.007018327713012695
0.00920248031616211
0.008871793746948242
0.007384777069091797
0.009639501571655273
0.009935855865478516
0.007284402847290039
0.009595155715942383
0.009871721267700195
0.007697105407714844
0.009720325469970703
0.007207632064819336
0.007372140884399414
0.009563684463500977
0.009926795959472656
0.01058197021484375
0.011635065078735352
0.007997274398803711
0.00737452507019043
0.01048135757446289
0.011589288711547852
0.007567644119262695
0.007498741149902344
0.009810924530029297
0.007744789123535156
0.010973691940307617
0.010967493057250977
0.013875246047973633
0.019711017608642578
0.010730266571044922
0.007925271987915039
0.010181665420532227
0.010097265243530273
0.010797739028930664
0.01145029067993164
0.007202863693237305
0.010168075561523438
0.010310173034667969
0.009887933731079102
0.007608175277709961
0.010697126388549805
0.01949286460876465
0.01087331771850586
0.008454561233520508
0.010592222213745117
0.011081933975219727
0.007580995559692383
0.011594295501708984
0.013977766036987305
0.008925437927246094
