0.00011730194091796875
3.9577484130859375e-05
3.409385681152344e-05
3.2901763916015625e-05
3.3855438232421875e-05
3.218650817871094e-05
3.147125244140625e-05
3.1948089599609375e-05
3.075599670410156e-05
3.075599670410156e-05
3.0279159545898438e-05
3.0994415283203125e-05
3.0040740966796875e-05
3.0279159545898438e-05
3.0994415283203125e-05
3.147125244140625e-05
3.0994415283203125e-05
3.0040740966796875e-05
3.218650817871094e-05
3.075599670410156e-05
3.1948089599609375e-05
3.409385681152344e-05
3.0994415283203125e-05
3.0994415283203125e-05
3.0994415283203125e-05
3.075599670410156e-05
2.9802322387695312e-05
3.0279159545898438e-05
3.1948089599609375e-05
3.0279159545898438e-05
3.0040740966796875e-05
3.266334533691406e-05
3.24249267578125e-05
2.956390380859375e-05
3.0517578125e-05
3.147125244140625e-05
3.0279159545898438e-05
2.8371810913085938e-05
2.8371810913085938e-05
2.8371810913085938e-05
3.218650817871094e-05
3.170967102050781e-05
3.24249267578125e-05
3.24249267578125e-05
3.337860107421875e-05
3.2901763916015625e-05
3.266334533691406e-05
3.218650817871094e-05
3.266334533691406e-05
3.218650817871094e-05
3.218650817871094e-05
3.314018249511719e-05
3.24249267578125e-05
3.266334533691406e-05
3.218650817871094e-05
3.314018249511719e-05
3.2901763916015625e-05
3.3855438232421875e-05
3.361701965332031e-05
3.3855438232421875e-05
3.337860107421875e-05
3.218650817871094e-05
3.2901763916015625e-05
3.361701965332031e-05
3.361701965332031e-05
3.314018249511719e-05
3.2901763916015625e-05
3.361701965332031e-05
3.314018249511719e-05
3.361701965332031e-05
3.337860107421875e-05
3.981590270996094e-05
3.314018249511719e-05
3.218650817871094e-05
3.1948089599609375e-05
3.1948089599609375e-05
3.266334533691406e-05
3.266334533691406e-05
3.2901763916015625e-05
3.314018249511719e-05
3.266334533691406e-05
3.170967102050781e-05
3.337860107421875e-05
3.2901763916015625e-05
3.314018249511719e-05
3.266334533691406e-05
0.00012183189392089844
3.314018249511719e-05
3.24249267578125e-05
3.1948089599609375e-05
3.266334533691406e-05
3.266334533691406e-05
3.0994415283203125e-05
3.075599670410156e-05
3.0040740966796875e-05
2.9802322387695312e-05
2.9087066650390625e-05
2.86102294921875e-05
2.86102294921875e-05
2.9087066650390625e-05
