0.01547384262084961
0.010881423950195312
0.010927677154541016
0.007576465606689453
0.01071476936340332
0.008755683898925781
0.008087873458862305
0.011054754257202148
0.012288808822631836
0.0077362060546875
0.008806467056274414
0.010148048400878906
0.00965261459350586
0.007184743881225586
0.010915994644165039
0.007835626602172852
0.014473199844360352
0.013543128967285156
0.010603189468383789
0.0077321529388427734
0.010248661041259766
0.007102012634277344
0.008534908294677734
0.010810375213623047
0.007984399795532227
0.010269403457641602
0.013072013854980469
0.008079051971435547
0.0072727203369140625
0.010049581527709961
0.01071476936340332
0.007258415222167969
0.0075511932373046875
0.00933074951171875
0.007735013961791992
0.011890888214111328
0.010334253311157227
0.008285045623779297
0.008497238159179688
0.010159015655517578
0.007908105850219727
0.010362386703491211
0.010322332382202148
0.007683515548706055
0.011153936386108398
0.00792384147644043
0.007355451583862305
0.010969161987304688
0.01865220069885254
0.007318973541259766
0.008939743041992188
0.014395475387573242
0.014559507369995117
0.008244514465332031
0.010236263275146484
0.007394075393676758
0.007964134216308594
0.009963512420654297
0.01018381118774414
0.018663644790649414
0.01044774055480957
0.008278131484985352
0.007478475570678711
0.010409116744995117
0.007557868957519531
0.009485960006713867
0.010416507720947266
0.007630109786987305
0.008160591125488281
0.010353326797485352
0.010602474212646484
0.008448600769042969
0.007760763168334961
0.010947465896606445
0.007772922515869141
0.010592460632324219
0.021192312240600586
0.00777745246887207
0.008598566055297852
0.010507345199584961
0.011615514755249023
0.00963902473449707
0.011740922927856445
0.007821083068847656
0.01073455810546875
0.008071184158325195
0.008225440979003906
0.009897708892822266
0.013692140579223633
0.007973670959472656
0.007684946060180664
0.010551929473876953
0.010153055191040039
0.008584022521972656
0.011070728302001953
0.007299900054931641
0.007832765579223633
0.02032303810119629
0.01213526725769043
0.008013010025024414
