0.874481201171875
0.015300273895263672
0.013109207153320312
0.012948036193847656
0.013857841491699219
0.011157512664794922
0.013153314590454102
0.013943672180175781
0.021856307983398438
0.010122537612915039
0.013434886932373047
0.012915849685668945
0.01289224624633789
0.010844230651855469
0.027204036712646484
0.01116180419921875
0.011003971099853516
0.015411376953125
0.013412714004516602
0.01032710075378418
0.013240337371826172
0.013208866119384766
0.01113128662109375
0.013796329498291016
0.011192798614501953
0.014971494674682617
0.013185977935791016
0.012076377868652344
0.011008501052856445
0.013451576232910156
0.013737916946411133
0.011437177658081055
0.013117074966430664
0.013593912124633789
0.011102437973022461
0.013607263565063477
0.01304483413696289
0.011004924774169922
0.013430356979370117
0.013598442077636719
0.01113581657409668
0.013723373413085938
0.012790679931640625
0.010676860809326172
0.013522148132324219
0.011343955993652344
0.010535478591918945
0.013517618179321289
0.012916326522827148
0.013164043426513672
0.01060175895690918
0.016373395919799805
0.012682914733886719
0.010257720947265625
0.01311945915222168
0.013808250427246094
0.01569652557373047
0.014012813568115234
0.018527984619140625
0.01264500617980957
0.013241767883300781
0.018891096115112305
0.010988235473632812
0.013470888137817383
0.013344764709472656
0.013285398483276367
0.013214349746704102
0.011503219604492188
0.011181831359863281
0.018123865127563477
0.017226696014404297
0.010839462280273438
0.010976314544677734
0.01357722282409668
0.011126995086669922
0.012827634811401367
0.012874841690063477
0.014735698699951172
0.016001224517822266
0.013364553451538086
0.010927677154541016
0.017283916473388672
0.0206606388092041
0.013437747955322266
0.012505531311035156
0.011005640029907227
0.013721466064453125
0.013635396957397461
0.013391494750976562
0.013002395629882812
0.013817548751831055
0.014032602310180664
0.013481378555297852
0.012070894241333008
0.01378178596496582
0.012995719909667969
0.01106715202331543
0.013237237930297852
0.014216423034667969
0.01157689094543457
