0.03235006332397461
0.6721622943878174
0.9185013771057129
0.015134096145629883
0.014647483825683594
0.010868549346923828
0.01575183868408203
0.013597965240478516
0.01353001594543457
0.014950752258300781
0.013820171356201172
0.014014005661010742
0.014273881912231445
0.01098775863647461
0.014473915100097656
0.012292861938476562
0.011566877365112305
0.014299869537353516
0.013587474822998047
0.010123014450073242
0.013091802597045898
0.013231277465820312
0.011234760284423828
0.01452183723449707
0.010779619216918945
0.013581037521362305
0.013362646102905273
0.011116266250610352
0.011998414993286133
0.012615203857421875
0.013621807098388672
0.010906457901000977
0.01437067985534668
0.019115924835205078
0.012253046035766602
0.013075590133666992
0.013175487518310547
0.010859966278076172
0.013859272003173828
0.014054298400878906
0.011430025100708008
0.013161420822143555
0.013238668441772461
0.010629415512084961
0.013216495513916016
0.010602235794067383
0.012077093124389648
0.013534784317016602
0.012967824935913086
0.013735771179199219
0.010903596878051758
0.013147830963134766
0.012964487075805664
0.014011144638061523
0.01795792579650879
0.014477729797363281
0.01157999038696289
0.013474702835083008
0.016715049743652344
0.011851072311401367
0.018233537673950195
0.01149606704711914
0.014084100723266602
0.013510465621948242
0.014312028884887695
0.012939691543579102
0.01712203025817871
0.010669469833374023
0.011250972747802734
0.013025522232055664
0.013006925582885742
0.011455059051513672
0.010926485061645508
0.01372838020324707
0.011212825775146484
0.013040542602539062
0.013575077056884766
0.013206720352172852
0.014999866485595703
0.013303041458129883
0.010843992233276367
0.013590335845947266
0.013331890106201172
0.013613224029541016
0.012503385543823242
0.011046886444091797
0.01336050033569336
0.015123605728149414
0.01396632194519043
0.013428211212158203
0.019546031951904297
0.015383005142211914
0.01656627655029297
0.010569572448730469
0.014100074768066406
0.014842033386230469
0.01104426383972168
0.01398324966430664
0.013680219650268555
0.011905670166015625
