0.8824057579040527
0.013572216033935547
0.012740612030029297
0.012695074081420898
0.012711524963378906
0.011344432830810547
0.013860940933227539
0.013642549514770508
0.013060331344604492
0.011476755142211914
0.013480186462402344
0.012869834899902344
0.012923717498779297
0.01149296760559082
0.013714790344238281
0.011961221694946289
0.012645244598388672
0.015171051025390625
0.013732671737670898
0.010835886001586914
0.013352155685424805
0.013248443603515625
0.010963201522827148
0.012954235076904297
0.010452508926391602
0.013177156448364258
0.012708902359008789
0.011020660400390625
0.01172494888305664
0.019608259201049805
0.012958526611328125
0.01129913330078125
0.01336979866027832
0.014161825180053711
0.01108098030090332
0.013399839401245117
0.012970685958862305
0.012816190719604492
0.014004707336425781
0.013695955276489258
0.011565446853637695
0.014101028442382812
0.014013290405273438
0.04455733299255371
0.014088869094848633
0.018558502197265625
0.013562679290771484
0.01393270492553711
0.013171911239624023
0.013784408569335938
0.012281179428100586
0.01292276382446289
0.013038396835327148
0.01783013343811035
0.012436628341674805
0.01341700553894043
0.012558460235595703
0.01313328742980957
0.013775110244750977
0.013467550277709961
0.013074398040771484
0.012847185134887695
0.011065959930419922
0.012944221496582031
0.014673471450805664
0.015282869338989258
0.013514280319213867
0.012041091918945312
0.010789155960083008
0.013605594635009766
0.013609647750854492
0.010721445083618164
0.010043621063232422
0.01252293586730957
0.011272668838500977
0.013829946517944336
0.013616561889648438
0.013134241104125977
0.014491081237792969
0.013853311538696289
0.010879039764404297
0.014966011047363281
0.012907981872558594
0.013051271438598633
0.014187335968017578
0.010921716690063477
0.013625144958496094
0.013263702392578125
0.014117002487182617
0.016569852828979492
0.013232946395874023
0.013778924942016602
0.012975454330444336
0.01060628890991211
0.016868114471435547
0.013705015182495117
0.010930776596069336
0.013367414474487305
0.013555288314819336
0.012086153030395508
