0.00011587142944335938
3.743171691894531e-05
3.62396240234375e-05
3.409385681152344e-05
3.3855438232421875e-05
3.361701965332031e-05
3.2901763916015625e-05
3.2901763916015625e-05
3.266334533691406e-05
3.2901763916015625e-05
3.1948089599609375e-05
3.1948089599609375e-05
3.170967102050781e-05
3.1948089599609375e-05
3.218650817871094e-05
3.1948089599609375e-05
3.409385681152344e-05
3.266334533691406e-05
3.9577484130859375e-05
3.2901763916015625e-05
3.2901763916015625e-05
0.0001277923583984375
3.409385681152344e-05
3.266334533691406e-05
3.910064697265625e-05
3.457069396972656e-05
3.4809112548828125e-05
3.147125244140625e-05
3.0994415283203125e-05
3.0517578125e-05
3.0994415283203125e-05
3.123283386230469e-05
3.3855438232421875e-05
3.3855438232421875e-05
3.1948089599609375e-05
3.361701965332031e-05
3.337860107421875e-05
3.0279159545898438e-05
3.0040740966796875e-05
2.9325485229492188e-05
2.9802322387695312e-05
2.956390380859375e-05
3.0279159545898438e-05
3.0517578125e-05
3.0517578125e-05
3.147125244140625e-05
3.075599670410156e-05
3.3855438232421875e-05
3.457069396972656e-05
3.4332275390625e-05
4.100799560546875e-05
3.4809112548828125e-05
3.457069396972656e-05
3.4809112548828125e-05
3.457069396972656e-05
3.361701965332031e-05
3.4809112548828125e-05
3.4332275390625e-05
3.361701965332031e-05
3.3855438232421875e-05
3.457069396972656e-05
3.457069396972656e-05
4.0531158447265625e-05
3.4332275390625e-05
3.457069396972656e-05
3.457069396972656e-05
3.457069396972656e-05
3.457069396972656e-05
3.4332275390625e-05
3.3855438232421875e-05
3.457069396972656e-05
3.4332275390625e-05
3.409385681152344e-05
3.409385681152344e-05
3.409385681152344e-05
3.409385681152344e-05
3.409385681152344e-05
3.4332275390625e-05
3.409385681152344e-05
3.337860107421875e-05
3.409385681152344e-05
3.409385681152344e-05
3.4332275390625e-05
3.4332275390625e-05
3.4332275390625e-05
3.457069396972656e-05
3.409385681152344e-05
3.4332275390625e-05
3.528594970703125e-05
3.4809112548828125e-05
3.3855438232421875e-05
3.4809112548828125e-05
3.3855438232421875e-05
3.3855438232421875e-05
3.3855438232421875e-05
3.3855438232421875e-05
3.337860107421875e-05
3.361701965332031e-05
3.409385681152344e-05
3.314018249511719e-05
