0.7382574081420898
0.01721978187561035
0.015235185623168945
0.020442485809326172
0.03397059440612793
0.01062321662902832
0.013900518417358398
0.01372528076171875
0.01534581184387207
0.011420249938964844
0.013739585876464844
0.013364076614379883
0.013322114944458008
0.011343240737915039
0.014553308486938477
0.011873006820678711
0.013247966766357422
0.014309406280517578
0.0148773193359375
0.010652303695678711
0.021387100219726562
0.013299226760864258
0.020047664642333984
0.014168977737426758
0.012364625930786133
0.014448881149291992
0.013679265975952148
0.011026859283447266
0.010570049285888672
0.014101982116699219
0.014330625534057617
0.018643617630004883
0.017776012420654297
0.013070821762084961
0.012289762496948242
0.01323246955871582
0.014528512954711914
0.011336326599121094
0.014113187789916992
0.015421867370605469
0.012672662734985352
0.014113187789916992
0.013616561889648438
0.016666173934936523
0.013584136962890625
0.012460470199584961
0.012261152267456055
0.013836383819580078
0.014266014099121094
0.030095815658569336
0.011458396911621094
0.014178276062011719
0.014118194580078125
0.011197090148925781
0.013866901397705078
0.017815351486206055
0.014530181884765625
0.014533281326293945
0.013155698776245117
0.01197504997253418
0.014139413833618164
0.010959625244140625
0.01024317741394043
0.012897729873657227
0.015123844146728516
0.014657974243164062
0.013408660888671875
0.0231173038482666
0.012858867645263672
0.013983488082885742
0.013803720474243164
0.011649847030639648
0.011879682540893555
0.013821125030517578
0.011013269424438477
0.013768434524536133
0.013957738876342773
0.013414382934570312
0.019365787506103516
0.014626502990722656
0.010647058486938477
0.01619696617126465
0.014601707458496094
0.015358686447143555
0.0140228271484375
0.01435399055480957
0.013477802276611328
0.014767169952392578
0.013608694076538086
0.011510133743286133
0.01534271240234375
0.014000654220581055
0.013542652130126953
0.010617971420288086
0.01472926139831543
0.013684511184692383
0.016535282135009766
0.0134429931640625
0.013913631439208984
0.011911869049072266
