0.012754440307617188
0.007309913635253906
0.01143026351928711
0.007905960083007812
0.007805347442626953
0.007700204849243164
0.009012937545776367
0.007547140121459961
0.007239818572998047
0.007825613021850586
0.007844924926757812
0.008512735366821289
0.008115768432617188
0.007561922073364258
0.007719755172729492
0.007492542266845703
0.007597446441650391
0.007553815841674805
0.008543014526367188
0.008363485336303711
0.007744550704956055
0.008145570755004883
0.008069038391113281
0.0072019100189208984
0.007512807846069336
0.006666898727416992
0.006914854049682617
0.0073392391204833984
0.0077152252197265625
0.007128000259399414
0.007868051528930664
0.007299661636352539
0.007386207580566406
0.006795406341552734
0.007136821746826172
0.0075609683990478516
0.007637739181518555
0.006983041763305664
0.008180618286132812
0.007199525833129883
0.007153749465942383
0.0072100162506103516
0.0077362060546875
0.007895946502685547
0.007069110870361328
0.0068359375
0.007480621337890625
0.007246732711791992
0.007807016372680664
0.007894277572631836
0.00751805305480957
0.007421970367431641
0.0073010921478271484
0.0075228214263916016
0.007607936859130859
0.007810354232788086
0.007140398025512695
0.006971597671508789
0.00725555419921875
0.007537364959716797
0.007432699203491211
0.0077822208404541016
0.007180452346801758
0.007153034210205078
0.006984710693359375
0.007349252700805664
0.0075032711029052734
0.007333278656005859
0.007991790771484375
0.008122920989990234
0.007580280303955078
0.0073986053466796875
0.007663726806640625
0.007612705230712891
0.00769352912902832
0.00811457633972168
0.007444858551025391
0.008746147155761719
0.007256269454956055
0.008662223815917969
0.007559061050415039
0.0076677799224853516
0.007168292999267578
0.008095502853393555
0.00762939453125
0.0074656009674072266
0.0067768096923828125
0.007491111755371094
0.007525444030761719
0.00752568244934082
0.008269309997558594
0.008103370666503906
0.007777690887451172
0.008590459823608398
0.00796365737915039
0.007170915603637695
0.007340908050537109
0.0076961517333984375
0.011430740356445312
0.007772922515869141
