0.0001544952392578125
7.939338684082031e-05
7.43865966796875e-05
7.390975952148438e-05
7.152557373046875e-05
7.128715515136719e-05
7.152557373046875e-05
7.128715515136719e-05
7.081031799316406e-05
7.009506225585938e-05
6.961822509765625e-05
7.081031799316406e-05
6.961822509765625e-05
6.985664367675781e-05
6.985664367675781e-05
7.009506225585938e-05
7.557868957519531e-05
6.985664367675781e-05
7.62939453125e-05
7.152557373046875e-05
7.05718994140625e-05
7.009506225585938e-05
7.009506225585938e-05
6.914138793945312e-05
7.009506225585938e-05
7.104873657226562e-05
7.033348083496094e-05
7.033348083496094e-05
7.033348083496094e-05
7.009506225585938e-05
7.081031799316406e-05
7.581710815429688e-05
7.510185241699219e-05
6.937980651855469e-05
7.152557373046875e-05
7.224082946777344e-05
7.104873657226562e-05
7.033348083496094e-05
6.985664367675781e-05
6.890296936035156e-05
6.961822509765625e-05
6.937980651855469e-05
6.890296936035156e-05
6.985664367675781e-05
7.009506225585938e-05
6.866455078125e-05
6.818771362304688e-05
7.009506225585938e-05
7.081031799316406e-05
7.176399230957031e-05
7.033348083496094e-05
7.033348083496094e-05
6.937980651855469e-05
6.842613220214844e-05
7.104873657226562e-05
6.914138793945312e-05
6.890296936035156e-05
7.05718994140625e-05
6.914138793945312e-05
7.915496826171875e-05
7.343292236328125e-05
7.343292236328125e-05
7.295608520507812e-05
7.295608520507812e-05
9.799003601074219e-05
7.414817810058594e-05
0.00012683868408203125
7.43865966796875e-05
8.416175842285156e-05
8.058547973632812e-05
7.176399230957031e-05
7.605552673339844e-05
7.081031799316406e-05
7.104873657226562e-05
7.05718994140625e-05
7.009506225585938e-05
7.963180541992188e-05
6.961822509765625e-05
6.961822509765625e-05
7.510185241699219e-05
7.009506225585938e-05
7.033348083496094e-05
7.081031799316406e-05
7.009506225585938e-05
6.961822509765625e-05
7.677078247070312e-05
7.009506225585938e-05
7.009506225585938e-05
7.033348083496094e-05
7.033348083496094e-05
7.414817810058594e-05
7.653236389160156e-05
6.985664367675781e-05
7.033348083496094e-05
7.009506225585938e-05
7.05718994140625e-05
6.937980651855469e-05
7.700920104980469e-05
7.104873657226562e-05
7.557868957519531e-05
