0.009200572967529297
0.007750749588012695
0.00858163833618164
0.007498502731323242
0.008591175079345703
0.008043050765991211
0.007628202438354492
0.00742030143737793
0.007566213607788086
0.006966114044189453
0.0070459842681884766
0.0074231624603271484
0.007536888122558594
0.0075817108154296875
0.00767970085144043
0.007753133773803711
0.009220600128173828
0.007435321807861328
0.00809931755065918
0.007840394973754883
0.0075418949127197266
0.008814096450805664
0.00843501091003418
0.007886886596679688
0.007828474044799805
0.007441997528076172
0.0077512264251708984
0.008479833602905273
0.008127689361572266
0.00815272331237793
0.00784611701965332
0.007691860198974609
0.007555961608886719
0.008088350296020508
0.008303403854370117
0.008044242858886719
0.0075299739837646484
0.007940292358398438
0.00819540023803711
0.008650779724121094
0.007989883422851562
0.008617401123046875
0.007860183715820312
0.008376598358154297
0.007848501205444336
0.007052898406982422
0.007566928863525391
0.008371591567993164
0.009393930435180664
0.008041143417358398
0.008038043975830078
0.007749080657958984
0.008183479309082031
0.00863504409790039
0.008082151412963867
0.008195161819458008
0.008396148681640625
0.008143186569213867
0.00927281379699707
0.007871866226196289
0.00965261459350586
0.007861614227294922
0.008097648620605469
0.007825374603271484
0.00714421272277832
0.007254838943481445
0.008127212524414062
0.007107973098754883
0.00899958610534668
0.007214546203613281
0.007615804672241211
0.007020711898803711
0.008672237396240234
0.007819652557373047
0.0073699951171875
0.007680416107177734
0.007128715515136719
0.007337093353271484
0.006844758987426758
0.0075321197509765625
0.007021427154541016
0.007525444030761719
0.007034778594970703
0.007439613342285156
0.008920669555664062
0.009634733200073242
0.00760960578918457
0.008022308349609375
0.007532596588134766
0.008337974548339844
0.0070874691009521484
0.009499311447143555
0.007702350616455078
0.008677005767822266
0.01125645637512207
0.007391214370727539
0.009485006332397461
0.00885629653930664
0.007273197174072266
0.007458209991455078
