0.7688803672790527
0.2069714069366455
0.014495849609375
0.01724100112915039
0.029407978057861328
0.011954069137573242
0.015706539154052734
0.01461029052734375
0.01611804962158203
0.01507115364074707
0.014725446701049805
0.014344453811645508
0.015543699264526367
0.02020430564880371
0.014549493789672852
0.011719942092895508
0.016971111297607422
0.014558076858520508
0.020450115203857422
0.012109041213989258
0.013759613037109375
0.016788721084594727
0.01286172866821289
0.01587390899658203
0.011986017227172852
0.01354527473449707
0.01449441909790039
0.011589527130126953
0.011649131774902344
0.02338266372680664
0.018306493759155273
0.01272130012512207
0.017454147338867188
0.013717412948608398
0.012549638748168945
0.014055013656616211
0.013293743133544922
0.012776374816894531
0.015383481979370117
0.01454019546508789
0.010789871215820312
0.014218330383300781
0.013565301895141602
0.01202845573425293
0.014197111129760742
0.01133275032043457
0.018978118896484375
0.01389765739440918
0.01303863525390625
0.014876604080200195
0.011234760284423828
0.013785123825073242
0.01347041130065918
0.011270999908447266
0.013463258743286133
0.01946425437927246
0.018107175827026367
0.015706777572631836
0.01831984519958496
0.010904788970947266
0.01569962501525879
0.011141300201416016
0.011167049407958984
0.014275312423706055
0.020657777786254883
0.020776987075805664
0.015636205673217773
0.011065006256103516
0.011321067810058594
0.018671751022338867
0.015432357788085938
0.01171422004699707
0.01148676872253418
0.014169931411743164
0.014524698257446289
0.02227306365966797
0.01361703872680664
0.024150371551513672
0.0319368839263916
0.014516353607177734
0.2196946144104004
0.017297029495239258
0.014854669570922852
0.018657445907592773
0.018333911895751953
0.016662120819091797
0.025865793228149414
0.015352487564086914
0.015388727188110352
0.010961294174194336
0.019222259521484375
0.016599178314208984
0.016358137130737305
0.010639429092407227
0.013557195663452148
0.030846357345581055
0.012581110000610352
0.02221202850341797
0.029726266860961914
0.014367103576660156
