0.00010943412780761719
3.8623809814453125e-05
4.410743713378906e-05
3.457069396972656e-05
3.528594970703125e-05
3.4809112548828125e-05
3.552436828613281e-05
3.528594970703125e-05
4.172325134277344e-05
3.552436828613281e-05
3.5762786865234375e-05
3.5762786865234375e-05
3.600120544433594e-05
3.552436828613281e-05
5.245208740234375e-05
3.528594970703125e-05
3.337860107421875e-05
3.266334533691406e-05
3.147125244140625e-05
3.8623809814453125e-05
3.170967102050781e-05
3.147125244140625e-05
3.123283386230469e-05
3.147125244140625e-05
3.075599670410156e-05
3.24249267578125e-05
3.3855438232421875e-05
3.147125244140625e-05
3.147125244140625e-05
3.5762786865234375e-05
3.0040740966796875e-05
3.4809112548828125e-05
3.075599670410156e-05
3.337860107421875e-05
3.2901763916015625e-05
3.170967102050781e-05
3.218650817871094e-05
2.8371810913085938e-05
2.8133392333984375e-05
2.8133392333984375e-05
2.7894973754882812e-05
2.7894973754882812e-05
2.8133392333984375e-05
2.7894973754882812e-05
2.8371810913085938e-05
2.7894973754882812e-05
2.8371810913085938e-05
2.8371810913085938e-05
2.7894973754882812e-05
2.9325485229492188e-05
2.9087066650390625e-05
2.9325485229492188e-05
2.8371810913085938e-05
2.8133392333984375e-05
2.8133392333984375e-05
2.8133392333984375e-05
2.765655517578125e-05
2.765655517578125e-05
2.8133392333984375e-05
2.8371810913085938e-05
2.86102294921875e-05
2.8848648071289062e-05
2.8848648071289062e-05
2.8371810913085938e-05
2.8371810913085938e-05
2.8371810913085938e-05
2.8133392333984375e-05
2.8371810913085938e-05
2.86102294921875e-05
2.8133392333984375e-05
2.86102294921875e-05
2.9087066650390625e-05
2.8371810913085938e-05
2.8371810913085938e-05
2.86102294921875e-05
2.86102294921875e-05
2.8848648071289062e-05
2.8133392333984375e-05
2.7179718017578125e-05
2.765655517578125e-05
2.7894973754882812e-05
2.7418136596679688e-05
2.8133392333984375e-05
2.7894973754882812e-05
2.6702880859375e-05
2.7894973754882812e-05
2.765655517578125e-05
2.8371810913085938e-05
2.86102294921875e-05
2.8371810913085938e-05
2.8371810913085938e-05
2.86102294921875e-05
2.9087066650390625e-05
2.9325485229492188e-05
2.8371810913085938e-05
2.8133392333984375e-05
2.8371810913085938e-05
2.7894973754882812e-05
2.7894973754882812e-05
2.8848648071289062e-05
