0.00791478157043457
0.007708549499511719
0.009114742279052734
0.010716438293457031
0.007269620895385742
0.007203578948974609
0.007368326187133789
0.007156848907470703
0.007058620452880859
0.00945734977722168
0.0072765350341796875
0.007416486740112305
0.007358551025390625
0.007431745529174805
0.0072023868560791016
0.0076923370361328125
0.007092475891113281
0.006911516189575195
0.006979703903198242
0.007650852203369141
0.007966995239257812
0.006899118423461914
0.007494449615478516
0.0073621273040771484
0.0073566436767578125
0.008195161819458008
0.007464170455932617
0.007773399353027344
0.0073397159576416016
0.007041215896606445
0.008183717727661133
0.006992340087890625
0.00717616081237793
0.007208108901977539
0.008470535278320312
0.007250308990478516
0.006952047348022461
0.008029699325561523
0.007412910461425781
0.007050275802612305
0.009403467178344727
0.008292675018310547
0.009292840957641602
0.007827520370483398
0.007853269577026367
0.007619619369506836
0.006943702697753906
0.006951808929443359
0.0068814754486083984
0.006748199462890625
0.00696563720703125
0.00725555419921875
0.008312702178955078
0.006998538970947266
0.0074613094329833984
0.007445573806762695
0.008033037185668945
0.007474660873413086
0.007799625396728516
0.007476329803466797
0.0072362422943115234
0.007352590560913086
0.007697343826293945
0.0073430538177490234
0.007535219192504883
0.007408857345581055
0.00707697868347168
0.007771968841552734
0.007693052291870117
0.007193565368652344
0.007273197174072266
0.007092714309692383
0.008299827575683594
0.007664203643798828
0.007038593292236328
0.00761103630065918
0.007363080978393555
0.007707118988037109
0.009768009185791016
0.007304668426513672
0.007225751876831055
0.007261991500854492
0.007947444915771484
0.007428646087646484
0.008067846298217773
0.007548332214355469
0.007680416107177734
0.008893728256225586
0.007296085357666016
0.007295846939086914
0.0072367191314697266
0.0074977874755859375
0.007447481155395508
0.007561683654785156
0.007310628890991211
0.007017374038696289
0.0072345733642578125
0.007695913314819336
0.008006811141967773
0.006980419158935547
