0.00016951560974121094
8.130073547363281e-05
7.43865966796875e-05
7.367134094238281e-05
7.43865966796875e-05
7.367134094238281e-05
7.200241088867188e-05
7.200241088867188e-05
7.152557373046875e-05
7.081031799316406e-05
7.748603820800781e-05
7.2479248046875e-05
7.152557373046875e-05
7.152557373046875e-05
7.271766662597656e-05
7.939338684082031e-05
7.176399230957031e-05
7.104873657226562e-05
6.961822509765625e-05
6.961822509765625e-05
7.104873657226562e-05
7.104873657226562e-05
7.414817810058594e-05
7.43865966796875e-05
7.367134094238281e-05
7.510185241699219e-05
0.00010061264038085938
7.462501525878906e-05
7.390975952148438e-05
7.510185241699219e-05
8.130073547363281e-05
7.62939453125e-05
7.43865966796875e-05
7.462501525878906e-05
7.43865966796875e-05
7.414817810058594e-05
7.510185241699219e-05
7.367134094238281e-05
7.462501525878906e-05
7.462501525878906e-05
7.653236389160156e-05
7.486343383789062e-05
7.43865966796875e-05
7.486343383789062e-05
7.367134094238281e-05
7.414817810058594e-05
7.462501525878906e-05
7.486343383789062e-05
0.00013566017150878906
7.43865966796875e-05
7.510185241699219e-05
7.462501525878906e-05
7.43865966796875e-05
7.510185241699219e-05
7.534027099609375e-05
7.462501525878906e-05
7.486343383789062e-05
7.43865966796875e-05
7.510185241699219e-05
7.367134094238281e-05
7.414817810058594e-05
7.43865966796875e-05
7.43865966796875e-05
7.510185241699219e-05
7.486343383789062e-05
7.486343383789062e-05
7.43865966796875e-05
7.414817810058594e-05
7.390975952148438e-05
0.00011348724365234375
7.486343383789062e-05
7.43865966796875e-05
7.414817810058594e-05
7.367134094238281e-05
7.43865966796875e-05
7.462501525878906e-05
7.390975952148438e-05
7.557868957519531e-05
7.510185241699219e-05
7.414817810058594e-05
7.367134094238281e-05
7.486343383789062e-05
7.390975952148438e-05
7.319450378417969e-05
7.557868957519531e-05
8.082389831542969e-05
7.557868957519531e-05
7.462501525878906e-05
7.319450378417969e-05
7.486343383789062e-05
7.510185241699219e-05
7.963180541992188e-05
7.43865966796875e-05
7.462501525878906e-05
7.534027099609375e-05
7.43865966796875e-05
7.367134094238281e-05
7.43865966796875e-05
7.581710815429688e-05
7.581710815429688e-05
