0.007537364959716797
0.010169744491577148
0.010642766952514648
0.010225057601928711
0.00992727279663086
0.007565975189208984
0.009503602981567383
0.009567499160766602
0.009270906448364258
0.007643938064575195
0.01017904281616211
0.009869575500488281
0.009484052658081055
0.00709080696105957
0.009015083312988281
0.007288217544555664
0.006914854049682617
0.009644031524658203
0.009621620178222656
0.007015228271484375
0.009185791015625
0.00970315933227539
0.006573915481567383
0.009827613830566406
0.007124185562133789
0.009591102600097656
0.009232759475708008
0.006936073303222656
0.007184505462646484
0.013986349105834961
0.010359048843383789
0.007226228713989258
0.010415077209472656
0.010008811950683594
0.00874781608581543
0.012182950973510742
0.010263204574584961
0.008258819580078125
0.011389017105102539
0.01029062271118164
0.007221698760986328
0.00959324836730957
0.00984334945678711
0.007885456085205078
0.009987354278564453
0.007399082183837891
0.008688211441040039
0.009914875030517578
0.009382963180541992
0.01066732406616211
0.0074977874755859375
0.00969386100769043
0.009746313095092773
0.007097005844116211
0.009610891342163086
0.010291576385498047
0.007002592086791992
0.01737523078918457
0.013692378997802734
0.006946563720703125
0.009465456008911133
0.008544445037841797
0.006941556930541992
0.009135246276855469
0.010141611099243164
0.009618043899536133
0.010102510452270508
0.007758140563964844
0.007592916488647461
0.010531187057495117
0.015189647674560547
0.009225606918334961
0.007741689682006836
0.009809017181396484
0.007052421569824219
0.009677886962890625
0.008956432342529297
0.010165691375732422
0.010132789611816406
0.010052919387817383
0.006893634796142578
0.010153770446777344
0.009084224700927734
0.010124683380126953
0.010364294052124023
0.007120847702026367
0.010283470153808594
0.009607076644897461
0.009774446487426758
0.0071337223052978516
0.010209083557128906
0.010204792022705078
0.018067598342895508
0.006803035736083984
0.009078502655029297
0.012540340423583984
0.007355451583862305
0.012763023376464844
0.010094642639160156
0.0068895816802978516
