0.00017404556274414062
7.796287536621094e-05
7.343292236328125e-05
7.2479248046875e-05
7.152557373046875e-05
7.224082946777344e-05
7.200241088867188e-05
7.104873657226562e-05
7.390975952148438e-05
7.534027099609375e-05
7.295608520507812e-05
7.462501525878906e-05
7.557868957519531e-05
7.486343383789062e-05
7.390975952148438e-05
7.987022399902344e-05
7.319450378417969e-05
7.390975952148438e-05
7.462501525878906e-05
7.462501525878906e-05
7.510185241699219e-05
7.43865966796875e-05
7.390975952148438e-05
7.43865966796875e-05
7.486343383789062e-05
7.510185241699219e-05
7.534027099609375e-05
7.462501525878906e-05
7.486343383789062e-05
7.462501525878906e-05
7.557868957519531e-05
0.00011181831359863281
7.557868957519531e-05
7.534027099609375e-05
7.510185241699219e-05
7.605552673339844e-05
7.486343383789062e-05
7.557868957519531e-05
0.00010609626770019531
7.390975952148438e-05
7.319450378417969e-05
7.43865966796875e-05
7.390975952148438e-05
7.510185241699219e-05
7.557868957519531e-05
7.534027099609375e-05
7.510185241699219e-05
7.390975952148438e-05
7.390975952148438e-05
0.00010466575622558594
7.462501525878906e-05
7.462501525878906e-05
7.43865966796875e-05
7.462501525878906e-05
7.510185241699219e-05
7.557868957519531e-05
7.43865966796875e-05
7.43865966796875e-05
7.486343383789062e-05
7.557868957519531e-05
8.130073547363281e-05
7.510185241699219e-05
7.414817810058594e-05
7.414817810058594e-05
7.462501525878906e-05
8.153915405273438e-05
0.00013184547424316406
0.00010395050048828125
7.43865966796875e-05
7.462501525878906e-05
8.130073547363281e-05
7.414817810058594e-05
7.367134094238281e-05
7.43865966796875e-05
7.557868957519531e-05
7.987022399902344e-05
7.390975952148438e-05
7.534027099609375e-05
7.486343383789062e-05
7.390975952148438e-05
7.343292236328125e-05
7.271766662597656e-05
7.367134094238281e-05
7.152557373046875e-05
7.081031799316406e-05
7.033348083496094e-05
7.009506225585938e-05
7.05718994140625e-05
6.890296936035156e-05
7.557868957519531e-05
7.05718994140625e-05
6.937980651855469e-05
7.152557373046875e-05
7.081031799316406e-05
7.033348083496094e-05
7.05718994140625e-05
6.961822509765625e-05
9.703636169433594e-05
7.05718994140625e-05
7.033348083496094e-05
