0.006730079650878906
0.007302999496459961
0.01386713981628418
0.008765697479248047
0.008198976516723633
0.007621288299560547
0.0070018768310546875
0.00714564323425293
0.0074710845947265625
0.007474660873413086
0.0077304840087890625
0.007140398025512695
0.006909608840942383
0.007818222045898438
0.007144927978515625
0.007813215255737305
0.00748133659362793
0.007135868072509766
0.007421016693115234
0.007544517517089844
0.019383668899536133
0.007867574691772461
0.010607481002807617
0.0073664188385009766
0.007246255874633789
0.0074999332427978516
0.007738590240478516
0.007293701171875
0.007650852203369141
0.008478641510009766
0.007372856140136719
0.007852792739868164
0.0069653987884521484
0.0075719356536865234
0.007576704025268555
0.007560253143310547
0.007924795150756836
0.007367849349975586
0.008014917373657227
0.01641535758972168
0.007185220718383789
0.0069806575775146484
0.00796365737915039
0.006755828857421875
0.00681757926940918
0.0070095062255859375
0.006968021392822266
0.006930112838745117
0.0073146820068359375
0.00738978385925293
0.007607221603393555
0.0074579715728759766
0.0067212581634521484
0.007529258728027344
0.00722050666809082
0.01767873764038086
0.00743556022644043
0.008297920227050781
0.006977558135986328
0.008574247360229492
0.006891012191772461
0.007032632827758789
0.007256746292114258
0.0073032379150390625
0.006968498229980469
0.007482051849365234
0.007066011428833008
0.007172107696533203
0.007556438446044922
0.007387399673461914
0.007268428802490234
0.007627725601196289
0.007573604583740234
0.007285118103027344
0.007181882858276367
0.007292032241821289
0.011126279830932617
0.006926059722900391
0.0066411495208740234
0.0073947906494140625
0.007103443145751953
0.018868207931518555
0.007399797439575195
0.0077321529388427734
0.007008790969848633
0.006918430328369141
0.0076105594635009766
0.007468700408935547
0.007448911666870117
0.007597923278808594
0.007581233978271484
0.007942914962768555
0.007603168487548828
0.006968975067138672
0.009269475936889648
0.008048772811889648
0.007625102996826172
0.006864309310913086
0.007462978363037109
0.0076673030853271484
