0.035773277282714844
0.6792113780975342
0.014179468154907227
0.01369929313659668
0.015275001525878906
0.04915904998779297
0.016905546188354492
0.01402902603149414
0.01397252082824707
0.01520991325378418
0.015730857849121094
0.013717412948608398
0.018793582916259766
0.01664590835571289
0.013975858688354492
0.014546632766723633
0.011887550354003906
0.014038562774658203
0.014314413070678711
0.01153111457824707
0.012826681137084961
0.01480865478515625
0.010763406753540039
0.014379262924194336
0.013300895690917969
0.013164043426513672
0.013863801956176758
0.011655569076538086
0.014640092849731445
0.014499425888061523
0.015515327453613281
0.011773824691772461
0.014377117156982422
0.01371002197265625
0.011125326156616211
0.01380467414855957
0.014422416687011719
0.012463569641113281
0.016260147094726562
0.0157163143157959
0.019911527633666992
0.013054847717285156
0.014484405517578125
0.011723756790161133
0.01570439338684082
0.017125368118286133
0.011451244354248047
0.013087272644042969
0.014177560806274414
0.013611078262329102
0.011350870132446289
0.014334917068481445
0.014049053192138672
0.014229536056518555
0.013657808303833008
0.01640939712524414
0.011583805084228516
0.014127731323242188
0.014030694961547852
0.011096477508544922
0.013678312301635742
0.01106715202331543
0.012723684310913086
0.013376951217651367
0.014942646026611328
0.013567447662353516
0.014071226119995117
0.011998176574707031
0.012336969375610352
0.015380620956420898
0.014006376266479492
0.013082742691040039
0.011914491653442383
0.014896392822265625
0.011869192123413086
0.01356959342956543
0.012453079223632812
0.013793468475341797
0.016159534454345703
0.013727426528930664
0.020592212677001953
0.015330791473388672
0.013954639434814453
0.013532876968383789
0.012663125991821289
0.012128591537475586
0.014048099517822266
0.014968633651733398
0.01284027099609375
0.011693239212036133
0.01734328269958496
0.013516664505004883
0.025761127471923828
0.013469457626342773
0.01812005043029785
0.01765727996826172
0.012351036071777344
0.016010284423828125
0.014536619186401367
0.011294126510620117
