0.00823664665222168
0.011673450469970703
0.009560823440551758
0.007416486740112305
0.009923934936523438
0.0075109004974365234
0.008840322494506836
0.01048421859741211
0.010163545608520508
0.007383584976196289
0.0076160430908203125
0.011135578155517578
0.010713577270507812
0.007624626159667969
0.009845733642578125
0.008365392684936523
0.00811457633972168
0.009661197662353516
0.010600805282592773
0.007275104522705078
0.009465694427490234
0.007699012756347656
0.009643077850341797
0.01020669937133789
0.007122993469238281
0.009752035140991211
0.009902715682983398
0.007205009460449219
0.007884979248046875
0.011367559432983398
0.009527444839477539
0.009083271026611328
0.007594108581542969
0.010010004043579102
0.00794363021850586
0.009736776351928711
0.010051727294921875
0.007838726043701172
0.00759124755859375
0.012338876724243164
0.00956416130065918
0.00990748405456543
0.010020017623901367
0.00978398323059082
0.010101318359375
0.007736921310424805
0.00817561149597168
0.010282754898071289
0.011003971099853516
0.008339166641235352
0.007449150085449219
0.01169133186340332
0.009851932525634766
0.007663726806640625
0.009356260299682617
0.0077686309814453125
0.00794363021850586
0.013273954391479492
0.010119915008544922
0.008476495742797852
0.009923458099365234
0.008338451385498047
0.007829666137695312
0.009584426879882812
0.0082550048828125
0.009940147399902344
0.010312557220458984
0.0076465606689453125
0.008580446243286133
0.010025739669799805
0.010308504104614258
0.008409500122070312
0.00851893424987793
0.01096200942993164
0.00838470458984375
0.01115560531616211
0.010606765747070312
0.008192062377929688
0.007980823516845703
0.01047372817993164
0.014983415603637695
0.015880584716796875
0.00988626480102539
0.008124113082885742
0.010403156280517578
0.007996082305908203
0.008531332015991211
0.010406494140625
0.010474443435668945
0.008330106735229492
0.01184701919555664
0.010897636413574219
0.010313034057617188
0.008028268814086914
0.010426044464111328
0.013067483901977539
0.007953166961669922
0.010915279388427734
0.010088443756103516
0.007829904556274414
