0.008555412292480469
0.01087045669555664
0.010396957397460938
0.010347604751586914
0.010982275009155273
0.010202884674072266
0.010952949523925781
0.009782791137695312
0.013786792755126953
0.007610321044921875
0.009696245193481445
0.012219429016113281
0.009147405624389648
0.009887456893920898
0.009482145309448242
0.007521152496337891
0.007521867752075195
0.009306907653808594
0.011165618896484375
0.007262468338012695
0.00991511344909668
0.010614156723022461
0.007946968078613281
0.010554313659667969
0.008933305740356445
0.009885072708129883
0.009871959686279297
0.008145332336425781
0.01634979248046875
0.013794660568237305
0.009935140609741211
0.007242441177368164
0.010835647583007812
0.009558677673339844
0.00697779655456543
0.009731769561767578
0.00939488410949707
0.007470130920410156
0.010538101196289062
0.009960412979125977
0.00774836540222168
0.009746551513671875
0.010069608688354492
0.007822513580322266
0.010116338729858398
0.0069158077239990234
0.00864100456237793
0.010021209716796875
0.009485483169555664
0.01328730583190918
0.007425069808959961
0.009840011596679688
0.009811162948608398
0.007333278656005859
0.010304689407348633
0.010391712188720703
0.00728607177734375
0.01001119613647461
0.009555816650390625
0.00754094123840332
0.010233163833618164
0.01220250129699707
0.007230281829833984
0.013433694839477539
0.010471582412719727
0.009791135787963867
0.01036977767944336
0.007414817810058594
0.007088422775268555
0.011874675750732422
0.010419845581054688
0.007293224334716797
0.007934093475341797
0.009871959686279297
0.0071985721588134766
0.010565757751464844
0.01030111312866211
0.010460138320922852
0.010436296463012695
0.014718770980834961
0.007586240768432617
0.011527061462402344
0.010066032409667969
0.016075849533081055
0.010289192199707031
0.0073506832122802734
0.009794235229492188
0.010548114776611328
0.009735584259033203
0.007445573806762695
0.009367227554321289
0.010602235794067383
0.01040959358215332
0.006707429885864258
0.009048700332641602
0.010088682174682617
0.007348775863647461
0.010601043701171875
0.010263442993164062
0.007140159606933594
