0.008032560348510742
0.01017451286315918
0.010122299194335938
0.009804964065551758
0.009996175765991211
0.007363796234130859
0.010853290557861328
0.0101470947265625
0.010215997695922852
0.008985519409179688
0.011111736297607422
0.009676694869995117
0.009807348251342773
0.007307291030883789
0.009331464767456055
0.007700443267822266
0.007196903228759766
0.010223627090454102
0.010232210159301758
0.0071065425872802734
0.00960993766784668
0.010851621627807617
0.0072367191314697266
0.01219487190246582
0.010167121887207031
0.009392023086547852
0.00989389419555664
0.007884502410888672
0.0077893733978271484
0.01028132438659668
0.016834020614624023
0.007278919219970703
0.009206295013427734
0.009359359741210938
0.007368803024291992
0.009589910507202148
0.010436534881591797
0.0071256160736083984
0.009948015213012695
0.009607553482055664
0.007514238357543945
0.011059999465942383
0.010957717895507812
0.008208513259887695
0.010233402252197266
0.007445335388183594
0.007389545440673828
0.009267568588256836
0.011200666427612305
0.010574579238891602
0.0074045658111572266
0.010412931442260742
0.009840250015258789
0.007552146911621094
0.009552955627441406
0.010146617889404297
0.007074117660522461
0.010082244873046875
0.009872198104858398
0.0074427127838134766
0.009708642959594727
0.007719993591308594
0.02855825424194336
0.011167049407958984
0.010724782943725586
0.009902477264404297
0.010122537612915039
0.0076749324798583984
0.007458925247192383
0.010882854461669922
0.010175704956054688
0.008130073547363281
0.007719755172729492
0.010179996490478516
0.007730007171630859
0.011171102523803711
0.010252952575683594
0.010361433029174805
0.010114669799804688
0.010202646255493164
0.007302284240722656
0.014041423797607422
0.00961160659790039
0.010081052780151367
0.010337352752685547
0.0072269439697265625
0.01193857192993164
0.009672880172729492
0.010101318359375
0.0073680877685546875
0.01049494743347168
0.010561704635620117
0.010850667953491211
0.007658243179321289
0.011193513870239258
0.009880781173706055
0.009163141250610352
0.010503292083740234
0.010060310363769531
0.007534980773925781
