0.007586002349853516
0.007230997085571289
0.007172584533691406
0.008198738098144531
0.007858991622924805
0.0075724124908447266
0.007904291152954102
0.008064031600952148
0.007721900939941406
0.007031440734863281
0.007460355758666992
0.007203340530395508
0.00739288330078125
0.006821870803833008
0.007111549377441406
0.006877899169921875
0.008049726486206055
0.00767827033996582
0.008174657821655273
0.008592367172241211
0.007385969161987305
0.007033109664916992
0.007601022720336914
0.0077228546142578125
0.0071258544921875
0.007042407989501953
0.007342100143432617
0.007439136505126953
0.008457660675048828
0.007242918014526367
0.0069811344146728516
0.007680416107177734
0.009292364120483398
0.007677555084228516
0.0066890716552734375
0.007071971893310547
0.007146120071411133
0.024017333984375
0.007964849472045898
0.0077092647552490234
0.007228851318359375
0.0072498321533203125
0.008031606674194336
0.007719993591308594
0.00749659538269043
0.007779598236083984
0.058588266372680664
0.02154231071472168
0.008074283599853516
0.0075604915618896484
0.00684046745300293
0.007846832275390625
0.007375001907348633
0.007781267166137695
0.00774383544921875
0.007399797439575195
0.0073125362396240234
0.00741887092590332
0.0074462890625
0.007748126983642578
0.008405447006225586
0.007580757141113281
0.0076923370361328125
0.006906986236572266
0.006474494934082031
0.007276058197021484
0.013566017150878906
0.03261113166809082
0.04146862030029297
0.012926101684570312
0.018519163131713867
0.008856534957885742
0.007306098937988281
0.0069735050201416016
0.00782465934753418
0.007516145706176758
0.007381916046142578
0.010707378387451172
0.008069515228271484
0.007304668426513672
0.006894350051879883
0.0074388980865478516
0.007695913314819336
0.0075681209564208984
0.007069587707519531
0.007314443588256836
0.04958224296569824
0.04361248016357422
0.008041858673095703
0.007116794586181641
0.008831977844238281
0.00844573974609375
0.0064182281494140625
0.0074727535247802734
0.00683283805847168
0.007613182067871094
0.007416963577270508
0.007470846176147461
0.007236480712890625
0.007131099700927734
