0.007071971893310547
0.009162664413452148
0.009260177612304688
0.010112285614013672
0.009871959686279297
0.007481575012207031
0.010016918182373047
0.009437084197998047
0.009399652481079102
0.007191181182861328
0.00930023193359375
0.009495258331298828
0.009846210479736328
0.00692439079284668
0.009822845458984375
0.007345676422119141
0.00751042366027832
0.00976705551147461
0.01026153564453125
0.007193803787231445
0.010113716125488281
0.010325908660888672
0.007368803024291992
0.009988546371459961
0.007142782211303711
0.009350061416625977
0.00949549674987793
0.007356166839599609
0.007590293884277344
0.009766817092895508
0.010369062423706055
0.007183551788330078
0.010251283645629883
0.008988380432128906
0.006869316101074219
0.010160684585571289
0.009873390197753906
0.0075147151947021484
0.010153770446777344
0.01645350456237793
0.011998414993286133
0.00958395004272461
0.00969552993774414
0.007185459136962891
0.009575605392456055
0.007200002670288086
0.007658481597900391
0.00946044921875
0.009199857711791992
0.011369466781616211
0.007361650466918945
0.009732484817504883
0.009703397750854492
0.012857437133789062
0.008736371994018555
0.011372089385986328
0.006879568099975586
0.011946439743041992
0.010881662368774414
0.007124900817871094
0.009683370590209961
0.008880853652954102
0.007330179214477539
0.008547067642211914
0.01073455810546875
0.009695768356323242
0.010547876358032227
0.007432699203491211
0.006893157958984375
0.012180566787719727
0.010086536407470703
0.007418394088745117
0.007390260696411133
0.009593725204467773
0.006720304489135742
0.010005950927734375
0.009498357772827148
0.009721517562866211
0.01033782958984375
0.009749412536621094
0.008245229721069336
0.009761571884155273
0.011014223098754883
0.010293245315551758
0.009930849075317383
0.007462501525878906
0.010098934173583984
0.00948190689086914
0.009868860244750977
0.00763249397277832
0.009955644607543945
0.010030746459960938
0.011957645416259766
0.00711369514465332
0.009474992752075195
0.010776996612548828
0.008364677429199219
0.010600805282592773
0.010742902755737305
0.007397174835205078
