0.008019447326660156
0.0114898681640625
0.010283231735229492
0.007744789123535156
0.009765625
0.008270740509033203
0.007525920867919922
0.009224891662597656
0.009826183319091797
0.007590293884277344
0.008455038070678711
0.00991368293762207
0.009909868240356445
0.007919073104858398
0.009226560592651367
0.008798837661743164
0.007209062576293945
0.009291410446166992
0.011373281478881836
0.0077207088470458984
0.009884119033813477
0.007542610168457031
0.0074732303619384766
0.009648799896240234
0.0075452327728271484
0.010717153549194336
0.009871482849121094
0.009835481643676758
0.007849454879760742
0.010209083557128906
0.010211706161499023
0.007715463638305664
0.008678436279296875
0.01014256477355957
0.007883787155151367
0.00996708869934082
0.011273622512817383
0.009457111358642578
0.007940530776977539
0.010605573654174805
0.0076100826263427734
0.011450529098510742
0.010543107986450195
0.0074710845947265625
0.009588241577148438
0.01050877571105957
0.007319450378417969
0.010371923446655273
0.013569831848144531
0.007396697998046875
0.007909297943115234
0.009629964828491211
0.010877609252929688
0.008899688720703125
0.009177446365356445
0.00722956657409668
0.00812530517578125
0.01079702377319336
0.009168148040771484
0.007946014404296875
0.009227275848388672
0.007754325866699219
0.013430356979370117
0.010509014129638672
0.009480714797973633
0.014769792556762695
0.009510993957519531
0.0073125362396240234
0.007003068923950195
0.011583328247070312
0.010454177856445312
0.007697343826293945
0.00881648063659668
0.01012277603149414
0.007109165191650391
0.010118961334228516
0.010708093643188477
0.007412433624267578
0.015504121780395508
0.00953054428100586
0.007239818572998047
0.010491609573364258
0.009392976760864258
0.007276296615600586
0.010264158248901367
0.009307622909545898
0.011495828628540039
0.009787559509277344
0.010460138320922852
0.009900569915771484
0.007882833480834961
0.009730339050292969
0.013688802719116211
0.0075719356536865234
0.010170698165893555
0.007924079895019531
0.00710296630859375
0.011884927749633789
0.009278535842895508
0.008277177810668945
