0.0075435638427734375
0.00973963737487793
0.009361743927001953
0.01409149169921875
0.01031947135925293
0.007026195526123047
0.011849641799926758
0.009880542755126953
0.00995182991027832
0.007561922073364258
0.010023355484008789
0.009685516357421875
0.010460615158081055
0.007056713104248047
0.010564565658569336
0.010540962219238281
0.007298946380615234
0.009788274765014648
0.010252714157104492
0.00797414779663086
0.00917673110961914
0.011519432067871094
0.007508516311645508
0.010284662246704102
0.0076138973236083984
0.011303424835205078
0.009807348251342773
0.008147954940795898
0.0073049068450927734
0.010552167892456055
0.009557485580444336
0.007543325424194336
0.011203289031982422
0.009899616241455078
0.007387638092041016
0.010100841522216797
0.01146388053894043
0.008291959762573242
0.01027226448059082
0.010865926742553711
0.007451534271240234
0.009517908096313477
0.009528398513793945
0.008163213729858398
0.009998559951782227
0.015098094940185547
0.007415294647216797
0.009868383407592773
0.010091066360473633
0.010100841522216797
0.006851673126220703
0.00984048843383789
0.010030269622802734
0.0073528289794921875
0.009634971618652344
0.010837793350219727
0.007783651351928711
0.01026463508605957
0.010787487030029297
0.0097198486328125
0.010086536407470703
0.007248878479003906
0.0073697566986083984
0.009445905685424805
0.010361909866333008
0.009373903274536133
0.012578487396240234
0.007401943206787109
0.01103973388671875
0.01046895980834961
0.011033773422241211
0.0077250003814697266
0.00759124755859375
0.009706974029541016
0.007065773010253906
0.010170936584472656
0.009416580200195312
0.00989079475402832
0.009909391403198242
0.00915980339050293
0.007049083709716797
0.010462522506713867
0.010020732879638672
0.011201143264770508
0.010373115539550781
0.008174896240234375
0.01164555549621582
0.009690046310424805
0.010198116302490234
0.007929325103759766
0.010495662689208984
0.010104894638061523
0.01159977912902832
0.007250070571899414
0.009967565536499023
0.010909557342529297
0.007745265960693359
0.010286092758178711
0.00975942611694336
0.007903099060058594
